,ID,A,B,C,D
0,2000-01-01,1.339091086710764,-0.1636430589256459,-0.6464425533392314,1.0412325889974416
1,2000-01-02,-0.7749840885611867,0.1370343640539491,-0.8827159154980816,-2.253381889623781
2,2000-01-03,-0.9210371677204512,-0.4829432213842944,-0.4170996442808702,0.4786375168774084
3,2000-01-04,-1.7388075484337893,-0.0729732928756677,0.0565165772289785,0.0150849643419889
4,2000-01-05,-0.905980032168252,1.7785755271984458,0.3819175129513353,0.2914355562510866
5,2000-01-06,-0.8911647526314174,0.7411474452142385,0.2374821996163235,-1.501908501092499
6,2000-01-07,1.1111323136677,0.2876740029104208,0.1830117586312286,1.3590462216516497
7,2000-01-08,-1.2909010817820166,-0.5492467927578967,-0.8251834347942677,0.3289400157367532
8,2000-01-09,-1.6896545352916346,0.81801552906378,1.137703716910105,0.3345297992861631
9,2000-01-10,0.4165799172795886,-1.1881621639121598,0.7532286752986458,-0.7282240539212008
10,2000-01-11,0.3289681169553508,-1.087598335279824,1.3528268740924292,0.9977328801540122
11,2000-01-12,0.2635850644119837,-0.1876200865862113,-1.0834750150445085,-0.0992499867271858
12,2000-01-13,-0.2930072399636422,-0.8137103715709109,2.7269929743582177,1.8699731723736088
13,2000-01-14,1.1086778922073892,-0.3397816598749457,1.9231703441045536,0.1561397759556788
14,2000-01-15,1.818885735378858,0.9791374113801282,0.5543169178750899,0.5647933719882937
15,2000-01-16,1.027912813748448,0.4195638415164622,0.684418988326301,-2.063247981353024
16,2000-01-17,-0.0167723143183296,0.0789016569071898,-0.2718256801417112,1.955716926664198
17,2000-01-18,0.4309845729442973,-0.4158026498599458,1.3733148445881047,-0.3845512530472112
18,2000-01-19,-0.0324708722886515,-0.4309882820399122,-0.4620911791550695,-0.1119650144368067
19,2000-01-20,-1.3506629171138465,0.5224004137711759,0.6758055685782415,1.2659962661594129
20,2000-01-21,-3.693201134879104,0.1135842038734276,-1.3965406238429712,-0.5116518313101458
21,2000-01-22,0.1505860433113,-0.0625993158731949,-2.1568331560367047,0.3719049235306588
22,2000-01-23,1.2507110987254098,-1.8276533817130367,1.3832361082123836,0.1802904440285377
23,2000-01-24,-0.3889944557724563,-2.232772618567441,1.4632538582074344,-0.4086963162411327
24,2000-01-25,0.5379291453385567,1.245083647563558,-1.6438059023209384,1.2856497321619726
25,2000-01-26,0.8764442367695596,0.5411298803071009,-0.119710630037388,1.4962647730214118
26,2000-01-27,-0.3347211266691919,-0.7703858660626641,-0.3223515392973002,0.0244148378823927
27,2000-01-28,-0.1858256112565842,0.1237258821393622,1.1777770928716744,0.8009617434546691
28,2000-01-29,-0.3029420322131076,0.7799806534643215,-0.1865289600247109,1.2005562158150662
29,2000-01-30,0.3916954426181351,1.8578413382244092,0.841039628031936,0.8166904547065233
30,2000-01-31,1.534012670436181,0.3414971541190734,1.6546976727656453,-0.4764324455158554
31,2000-02-01,-0.0096535949894442,0.4183202293368607,1.3399870330879589,0.3698029302352685
32,2000-02-02,-0.518425385308536,-0.4782958619031838,-1.0458424138603497,-1.315063077147038
33,2000-02-03,-0.8836122889872166,-0.8250027200605398,0.5099195637898084,0.3302635486521513
34,2000-02-04,-0.4091717531113655,-2.2136053757210044,0.4395306521469267,-0.266009567939876
35,2000-02-05,-0.1563617137929478,-1.0590094240740884,-1.7394540793419582,0.6414802824029712
36,2000-02-06,0.9750600079359016,-1.1658907671473049,-0.7095034369564253,2.6418676436520645
37,2000-02-07,0.0053067571039403,0.4972218919063451,1.0996057795850886,-0.6991638567277475
38,2000-02-08,0.6692525777040126,0.0943321873571211,-0.382302137695451,-2.142954524844221
39,2000-02-09,0.0864626890926602,-2.2894871597837883,-0.426076348992869,0.1938442894009724
40,2000-02-10,-0.1208286653090511,0.181260786239557,0.978206504266222,1.2014241547407456
41,2000-02-11,1.4041767929085416,-0.5852695676346408,-0.0361956891473324,1.1406892404475628
42,2000-02-12,-0.1888641050378899,0.0430742291286603,1.6484424247118807,2.4111061125548487
43,2000-02-13,0.3631124545955806,-0.6577389012680124,-1.2279727001096843,-0.0518687010229103
44,2000-02-14,-0.0030677021982951,0.216070604640917,0.7000538205245386,-1.7602301892842191
45,2000-02-15,0.1546910367896965,-0.7063192735028199,-1.86152707183282,0.2336404126607524
46,2000-02-16,-0.4103193626463333,-0.1011005178196845,-0.1794786677978524,-0.7607675185180398
47,2000-02-17,0.1293312515865361,2.522329974493888,-0.3666587999693344,-0.7035845216605606
48,2000-02-18,1.041715476426757,-0.7769199699046241,1.5255609330360744,0.1622041147563601
49,2000-02-19,-1.148803717032087,-1.157793006463378,1.345498997228097,-0.037504737758544
50,2000-02-20,0.2063289796987524,0.5491179477232014,1.3572019163460245,1.2851887329979084
51,2000-02-21,1.3007887725762228,0.2949882683500101,0.2537886793976738,-1.006338949024481
52,2000-02-22,-0.1023334253276943,1.4780656662627611,-1.6752574065356347,-1.5494228862075756
53,2000-02-23,-0.4500079553416629,-0.0266972407318951,-0.7666587443208602,0.9543444310379244
54,2000-02-24,-0.1730487023403928,-0.6334217834662554,-0.228853393031741,-1.1483681198304068
55,2000-02-25,0.189555422153928,0.0973000194309861,0.4294394575830064,0.975415440598059
56,2000-02-26,0.0129433748890814,-1.096171462801253,-0.690868286498821,-1.0735252464643372
57,2000-02-27,0.1596037885281738,1.0571056836198458,-1.453399830422447,-1.3555616574190992
58,2000-02-28,0.5928308398289156,0.463887689488804,0.7278804425741253,-1.0964810406104832
59,2000-02-29,0.8163857711130181,-1.074844184251075,-0.06938105321999,-0.0439037949708027
60,2000-03-01,-0.790836070736962,-0.2913327176852829,-1.555071971777855,-0.165543319848787
61,2000-03-02,-2.098143437528201,-0.5941109694013574,-0.2951813779491433,-0.2159100393874496
62,2000-03-03,-0.1668396659780268,0.4776755397312395,-0.1194237837340823,-0.5465159939108865
63,2000-03-04,-0.9193558543676572,1.437287554810763,-1.0904724439227889,-3.016632180836332
64,2000-03-05,0.7460579873477784,-1.4148624082257255,-0.1021575395553445,0.0063949486962096
65,2000-03-06,0.3144220958158829,-0.4894942645707886,-1.2190431783459086,1.506717513175389
66,2000-03-07,1.130833946704504,0.0826696922638296,1.4766852766702472,0.0736296422269576
67,2000-03-08,-0.9435120518705072,0.8093774318861597,0.9429787592304162,-0.1673610085609365
68,2000-03-09,-0.6332095854208392,1.2453634986994226,-0.8944651355456363,0.8981324085219932
69,2000-03-10,-0.385319230184424,-1.1739686093245474,-1.1587311193874867,-0.054728559001045
70,2000-03-11,0.5240809547225759,1.1051496449883225,-0.8791984459573663,0.8788718121083935
71,2000-03-12,1.399149224739458,0.2465467416130762,-0.1608081354755046,-0.0783163074422583
72,2000-03-13,-1.1162989250618691,0.6341682714892157,0.8013931057583372,1.8852366240498823
73,2000-03-14,-0.1840734417294155,1.0083477296975942,1.2837227178579944,0.0920037966573581
74,2000-03-15,0.034715099232906,-0.5102682158800795,0.7135459606081538,-0.1905471056561584
75,2000-03-16,-0.1832172524671742,-0.6316984832827599,-0.7728736326532212,-0.1957359286204349
76,2000-03-17,-0.5584343468146571,0.2921139039036781,-0.9512617795614956,0.7100849644185744
77,2000-03-18,0.5530022852839194,2.173454338697406,0.5626598803870119,0.0981124007964546
78,2000-03-19,0.9386182368605656,0.4884792173654834,1.114278304524348,-1.3026441194177665
79,2000-03-20,0.7323630226122804,-0.0975489695867846,0.2905542050428771,0.2370915659109249
80,2000-03-21,-0.515490223280789,-0.6233513510107851,0.321587801840431,0.4623368376086273
81,2000-03-22,0.8032013120429836,-0.781576394911122,0.7357435934085166,0.0066325220592021
82,2000-03-23,0.9709381423998922,0.1674050538453383,-1.9757873801104544,-0.0853541816274737
83,2000-03-24,0.0493748366311344,-0.608720522502553,-0.416593584638445,0.6480348535401061
84,2000-03-25,-0.5989107076171833,0.5570258396151909,1.6683602087875264,0.7060004676881687
85,2000-03-26,-0.7096455836983524,-1.0709217438984555,0.123038529502932,-1.59726776188856
86,2000-03-27,-1.0092248670425046,-0.2426065843587345,0.4765735261161536,0.5417815995029832
87,2000-03-28,-0.6551351394087268,1.8306567815883317,1.624091478388363,0.1755570890261523
88,2000-03-29,-0.3990091071558294,-2.002995617663261,-2.141837539964979,0.2179738352960488
89,2000-03-30,0.5458708546832673,1.0460298853748888,0.5901484699558275,-0.3334866633607947
90,2000-03-31,-0.5868673183843919,0.1153278226454034,1.4194498022170847,-1.3917118137898528
91,2000-04-01,1.2046825655247844,0.491473433670558,0.7369804794490152,0.2425586275200973
92,2000-04-02,-1.3680505892870876,-1.1450547460166358,-0.7102956967701053,0.3833276096747456
93,2000-04-03,-0.6514243744826536,0.1995899094444906,-0.9617883152489828,1.6806713394330923
94,2000-04-04,0.6219207829409441,-0.0501932538986873,-1.0136559550465902,0.7488423299961839
95,2000-04-05,-0.9046884023510536,0.6355864022970721,0.4404695461328464,-0.3159432836200966
96,2000-04-06,0.3204260169039281,-0.3230575039784468,0.8408061835762833,-1.934217206514304
97,2000-04-07,1.0808999770704957,-0.7131760965286496,-0.0166550324675804,-1.11593806299566
98,2000-04-08,1.5532393213562357,0.0071795983817546,0.0334121937457962,-1.077337485734718
99,2000-04-09,-0.804691095654623,0.3562595517710431,-1.1237385878952983,1.1111824237769234
100,2000-04-10,1.779316969163001,-0.2120302525026708,-1.628072699422268,-0.7928049295772724
101,2000-04-11,-0.5388783629606952,-0.971199633032306,-0.8139540700522464,2.452052106294303
102,2000-04-12,0.4175069555944796,-0.6061080773308415,-1.114582339872626,-0.4760232072233968
103,2000-04-13,0.3095996443530335,0.0021512542163018,0.4946226128371226,0.8412653732081518
104,2000-04-14,0.0570023709559287,-1.5445856620056333,-2.2255042394754896,-1.9760589167247316
105,2000-04-15,0.6522852749858647,1.3715181032785018,-0.7926675298228897,0.3092178260679207
106,2000-04-16,-0.5547435948468619,-1.047242361401659,-2.603835355018857,0.2263762298094195
107,2000-04-17,1.3356467119599271,-0.3114757987056681,0.2232147807947837,2.825921000291676
108,2000-04-18,0.5154766528824756,1.547401597404494,-2.1638527655555606,-0.3617476411488778
109,2000-04-19,-0.4363233081196656,-1.1635551284297136,0.0706213516312362,-0.0990528786137909
110,2000-04-20,1.980222949378705,-0.6034045325328746,1.0149797290560785,0.1635979653426372
111,2000-04-21,-0.1629322264251625,1.3611581265114925,0.8458615822887929,-0.0042685093290925
112,2000-04-22,-1.4700989306993035,2.008772055408523,-1.4452906071836529,-0.6769549565287976
113,2000-04-23,1.5193666243314283,1.9616325429638024,0.2303908027031727,2.8797930581564035
114,2000-04-24,-0.2977268862459775,0.8552189248453079,-0.44618578793997,0.2095863317891612
115,2000-04-25,-0.3433090168488153,1.2096402819077543,-0.0777495891383506,-0.6476017716713238
116,2000-04-26,-0.7483173066589177,0.2399620732397185,-0.2416101792914144,0.3215948348876191
117,2000-04-27,-2.21033426974743,0.0334140861947108,-0.7361419164395833,-1.1100307019425657
118,2000-04-28,1.5220182167793137,0.6870820409220904,-0.2621870954873638,1.1513836772458237
119,2000-04-29,-0.7865561834592084,-1.9490551741331188,0.3575321516688623,0.1842518825682175
120,2000-04-30,-2.306838750292296,-0.7600103429216696,-0.0500611890351366,-0.8138897892698526
121,2000-05-01,1.37696721993856,-0.4432074543455148,0.065442414330701,-0.3308286300565448
122,2000-05-02,-0.5573452249431343,0.2444317531198159,0.1421458917673038,1.2334975801923749
123,2000-05-03,0.7309291754014497,-1.2247199714549803,-1.567026349430204,-0.8564742298883447
124,2000-05-04,1.157758335307054,0.7899475044844918,-1.4188632773980252,0.4934760743151956
125,2000-05-05,-0.6822191954580396,-1.3941611205377853,-0.7439313502546027,-1.3512918582452744
126,2000-05-06,0.6543385248792684,-1.0850078890184924,-0.8639642674474064,1.8971368793577208
127,2000-05-07,-0.352114448401931,-1.4318512380053434,0.2284349436447436,0.4852820789398701
128,2000-05-08,-0.5049360559863174,0.0676641097796302,-0.9933690804939904,0.7574666303687093
129,2000-05-09,0.6639624269027972,2.1765887222334355,1.578423132877862,1.3226779607437944
130,2000-05-10,-0.0263149148611698,-0.2084475274619202,-0.4965681450035883,0.0943861022771583
131,2000-05-11,0.3472238750510293,-0.736644255491504,0.6284546814292462,1.087940207696204
132,2000-05-12,0.0091378126909811,0.6269529423263153,0.3716525898267163,0.2891599222984163
133,2000-05-13,1.1239668614126082,0.408790048243534,-0.8716373384067704,-0.2473920528154198
134,2000-05-14,0.0105866328709004,0.0786590576633662,-1.1031724136104508,-1.4109634093568113
135,2000-05-15,0.926034371398877,0.4786155619685197,-0.5792077612275942,1.9048111082458496
136,2000-05-16,-0.6390620584993894,-1.825941747159,0.7518219586042334,-1.463291616875528
137,2000-05-17,-0.8491263121306175,1.9046280573932608,-0.1814071272419503,0.3503420526673713
138,2000-05-18,0.997428406567464,-0.9437640688121146,0.8472156335536685,0.3149721111588943
139,2000-05-19,0.0079363607188471,0.4812022666568601,-0.6860907952620479,-1.9278412843551316
140,2000-05-20,2.768110600294119,0.3802014585572356,0.8621574417748099,-1.748787526958201
141,2000-05-21,-1.1002195710025846,1.3258428921207084,1.0285417243208237,0.0612214539515126
142,2000-05-22,0.3342916048236944,-1.5324894193861076,0.0616867598500133,-0.5253112563466661
143,2000-05-23,-2.3117361132371776,-1.6471220649542182,-0.4604662886153246,2.646368280554004
144,2000-05-24,-0.3740016253111998,1.0527811157858178,0.8890470038243142,-1.7983284121941585
145,2000-05-25,0.8858379504847745,2.421852608966316,-1.924293010956281,0.1669825144098334
146,2000-05-26,0.4894791595302451,0.7926400633559101,0.2528722337832035,0.5473256077022398
147,2000-05-27,-0.3945544901362127,-0.9792792240576764,1.6378934088189991,0.2185741784216215
148,2000-05-28,0.2478601690314434,-0.4778262169697396,0.0566824631901389,0.463195792080392
149,2000-05-29,0.2572238081937822,-0.4317753360834575,-0.8745599503220398,-0.4986032556433567
150,2000-05-30,-0.5698484191828479,0.1494299080595994,-0.6278631899315965,-1.2114572375105348
151,2000-05-31,0.7334070955757865,2.4453286171469624,0.6918589245896242,-0.3162356460874956
152,2000-06-01,-1.1277164307837153,0.4229352963715794,0.0366001945314268,-0.5473571941605904
153,2000-06-02,-0.4624345712350755,-0.1889958192269213,-0.7408547016195202,-1.0031821765107438
154,2000-06-03,0.5349626268413971,0.9356092618511498,-1.5610166356837063,0.0429322910599868
155,2000-06-04,-0.0254597471474906,2.909306305821754,0.4393659405244066,2.341730842455489
156,2000-06-05,-0.6159378993180289,0.7537093666481457,1.2342857044929971,0.5094830257676872
157,2000-06-06,1.0985823653362077,1.5529234724666787,0.2823745174863671,-0.0050586243175
158,2000-06-07,1.4192538911498986,0.8504866072922553,1.5831867381503946,1.1207136042790693
159,2000-06-08,-0.6536721573454404,0.5230640129568463,-0.1398913982164263,0.8663515104248675
160,2000-06-09,-1.0474181232022843,0.934760740465006,0.005370385455707,0.729064962465345
161,2000-06-10,-0.1500728273795399,1.3294216454993204,1.7300170751958537,0.3087786662826106
162,2000-06-11,-0.1476241426072965,1.1780067113832775,0.8812983244458189,1.0001611997513655
163,2000-06-12,-0.3106159011455291,0.5852478432505314,1.0632976048454506,-0.867802064733094
164,2000-06-13,0.2506866428423472,-0.6265443512128294,0.3031393637491762,-0.3773344690465644
165,2000-06-14,-2.110337859768685,-0.1702924892367729,-0.617344094586583,-0.6028164638996906
166,2000-06-15,-0.4994916427338579,0.46535080060936,-1.0087553046060913,-0.3993631734247835
167,2000-06-16,-0.9557935311711864,-0.0892907293762774,0.843536288317123,-1.5208611857418872
168,2000-06-17,1.4938669828174482,-0.7229019813494332,1.1957591686591516,-1.795980676600304
169,2000-06-18,-0.8268538936580764,3.1998500209801977,-1.2280323146610634,0.3656142421958396
170,2000-06-19,0.1314335410403316,0.4680441836813034,2.517138435050951,-0.3130307958544579
171,2000-06-20,-0.0366369265088947,-0.9422371322160376,0.2944425169743771,0.9795509081100772
172,2000-06-21,0.6814649180656159,-0.6037011673040922,-0.1837324383456518,0.1239179552135698
173,2000-06-22,0.4362901988272205,0.3174168868393315,0.0963532506826835,0.6058056045302079
174,2000-06-23,-0.6778594048562563,-0.076994968917395,-1.0371682561671034,-0.1066786482043765
175,2000-06-24,-0.4659779989901045,-0.4112596053433738,-0.1255695082001628,-1.8663876661702177
176,2000-06-25,-0.8759742414106297,0.1222116950492867,0.0802201728264887,-0.2158584351273217
177,2000-06-26,1.4066298573283147,1.2833426747197274,-0.0622241464757767,-0.045635393367327
178,2000-06-27,1.436203182499852,-0.6836872674664211,0.8364789359501779,0.5764064119452617
179,2000-06-28,-1.1289427050713323,1.0225080239818904,0.2633899800731816,-0.5284294696110617
180,2000-06-29,1.2057954298163052,-2.233854141407028,1.3386049954410106,-1.966898621847877
181,2000-06-30,-0.2214087972876216,0.7242606876791707,0.3856652562867191,-0.9003620066524632
182,2000-07-01,0.8856114255741508,-1.8237052522961528,0.3016461488092788,-1.8508201741345935
183,2000-07-02,0.1643243943808731,-0.1515007149872209,-0.0446391303901124,-0.0798568484558223
184,2000-07-03,0.4066441851159702,0.110691327460477,-0.9237792714182566,0.3827064616837223
185,2000-07-04,-1.358572307103482,-0.2103659311197394,-1.243387705128181,-0.1283555244588662
186,2000-07-05,-0.9797104275381944,-0.034607009477471,0.085128059034993,0.3400410158472014
187,2000-07-06,0.0085064067122962,0.670796155138785,-0.0349908171693948,1.2906700479509596
188,2000-07-07,-0.5010816274127601,-0.3805238365732133,-2.583826351550753,1.1024774788993288
189,2000-07-08,0.3805700965787011,1.258492622021946,-0.7954612932174602,0.1808164170577822
190,2000-07-09,-1.1715582540377178,0.3261512657764179,0.4975840196397206,1.5895966316814711
191,2000-07-10,1.5358510625889217,0.8731910090373253,1.1867599252998609,-0.8715044905598764
192,2000-07-11,-0.4163937087929347,-0.8110569655524629,0.8782284950851199,-0.4082224704174987
193,2000-07-12,-2.0726059114495383,0.422625089567271,-1.8701920005650887,0.9889977494403932
194,2000-07-13,-0.6104424920090779,1.5781126025592345,-1.1568647931483316,-1.7565814562565871
195,2000-07-14,-1.6850323935446916,-1.859185737292626,-1.465055518026666,0.3749186001400212
196,2000-07-15,-1.2354999678871146,0.6216732186532902,0.0647827574607694,0.0255663224817371
197,2000-07-16,-1.033157663174688,0.0483215715014625,-1.8644075383576304,1.2847285011824308
198,2000-07-17,-2.4117596680794557,1.3373743103535156,-1.0394301142106968,-1.4382352048509033
199,2000-07-18,0.041229755820474,0.0607532045326437,0.7098035555169159,0.106165701514588
200,2000-07-19,0.6717093465278433,-1.6402271029035482,0.4804558208709159,0.4193133992826933
201,2000-07-20,0.32686415045821,0.8318951859985935,0.5600068771253579,0.2863546555453383
202,2000-07-21,0.2737479133802935,1.0554988994437688,-0.9202258946125778,1.368004402567018
203,2000-07-22,1.5369950235673917,0.272350927240072,0.2028621510905238,-0.3403178048990173
204,2000-07-23,-0.8050402292515265,0.2486265413653494,-0.9035429328714984,-0.410960065115962
205,2000-07-24,0.4615055984277246,-0.5517933734909447,0.1905864502163879,-0.0064626847024008
206,2000-07-25,1.0510684604493103,0.9890729091532624,0.7288091858746589,0.351844430232042
207,2000-07-26,1.35956692705311,0.0776553658204586,1.0034683382850489,0.9906136258409176
208,2000-07-27,-0.7965109841794472,0.7060334457267958,0.0587632966648541,-1.6273226495341908
209,2000-07-28,-0.8189882735349934,0.6184206716615703,-0.9750280448742298,-0.2175986830458911
210,2000-07-29,1.338423002844347,0.3950529496364619,-0.6640661691470375,0.4316219610383588
211,2000-07-30,1.9769933563781183,-1.2869661863601434,0.7962885774985806,-1.096284689266117
212,2000-07-31,-2.223966588753424,-1.1821939208241037,0.934336639098422,0.4073939580819423
213,2000-08-01,0.4764629540850256,1.40933202078934,-0.2831342319275334,-1.7930206619969815
214,2000-08-02,-0.408089376075493,0.9762157760508914,1.047329084355468,0.2207439753067833
215,2000-08-03,-0.0114421985962276,0.4311964452748624,-0.7608179552847709,1.0802552933217389
216,2000-08-04,-0.0756575198542118,0.426821576589547,1.4900758121331954,0.1527092876661817
217,2000-08-05,-1.09231815593234,-0.1876450948485517,-0.3328755377054497,1.6634617879296667
218,2000-08-06,1.4332921131886571,0.5488176608158964,0.1704833998072285,0.890945996339443
219,2000-08-07,0.0737765450427445,-0.6970640909104298,-0.2311198435355406,0.8519591259533607
220,2000-08-08,-1.5273797157077509,-0.8988763484131678,0.3199021856762438,0.0608879212176333
221,2000-08-09,1.582104536141256,1.0818492743954558,-2.098950464754753,0.8120602798790407
222,2000-08-10,0.5104496419386052,1.551218946988716,0.1630092918275766,2.182940950529052
223,2000-08-11,-0.5104338446233999,0.6080760717407934,0.2262777432746539,0.3017831137819441
224,2000-08-12,0.2385857777050191,0.4546092687900032,-0.7467295693128135,0.6118924748253514
225,2000-08-13,-0.7273232989996887,0.7799864924887351,0.8433896269629102,0.7668603033711022
226,2000-08-14,0.3534754679842081,-1.6322945704116665,-1.463351533850713,-1.646703307127382
227,2000-08-15,-0.1879629750508258,-0.3985662387882814,1.0424110749154412,-0.0025390385652781
228,2000-08-16,0.6572890813831191,0.6791396145876041,1.4253375132372177,1.0335210683750866
229,2000-08-17,0.5403776162336746,-1.0091051028720466,0.6767072746341556,-1.045373053352215
230,2000-08-18,0.1356214210718215,-1.8668870452922788,-0.3354717234000895,-0.4052981396194871
231,2000-08-19,0.2624267128009359,-1.1833236070658055,-2.2314015967474186,-0.5440404339527628
232,2000-08-20,-1.26151600854139,0.4233806540977519,-0.7775474852903543,0.4656706608501879
233,2000-08-21,2.1584089920613168,-1.3548007246050358,1.3161399181610791,0.2439241031779822
234,2000-08-22,1.4565460631488107,0.9093491965141204,1.2081024942594285,0.0953778620895917
235,2000-08-23,0.194724418911823,1.1993995637803765,1.1113685115839531,0.12959755621993
236,2000-08-24,0.3437596583853561,1.1010963265769815,-0.541503852375318,-0.493092817825446
237,2000-08-25,-1.144551761234286,-0.1379026607322677,-0.3611680829639939,1.0546049269478417
238,2000-08-26,-0.3207575068138674,-0.8257580711818817,0.9722659472127138,-0.9934869296417564
239,2000-08-27,-0.2201245699066487,1.6972636013285645,-1.3873509512140585,2.4963877776885828
240,2000-08-28,-2.133130002625798,-1.727131282653709,0.0334638874339207,-0.8165551662289892
241,2000-08-29,-1.8912897862635587,-0.2405181049842699,1.5501294996181214,-0.1099240069578221
242,2000-08-30,0.3675337219960534,0.0032991674333528,1.989878388272396,-3.110464378289268
243,2000-08-31,0.7631477093022566,0.4266607951159482,1.1949753307627935,1.0238355122194056
244,2000-09-01,0.2380204760507897,1.394466866883659,-1.086700633973766,-0.4008631455480093
245,2000-09-02,0.3181289704001799,-0.5490649533064416,0.5771267485705786,-1.017205187949437
246,2000-09-03,0.3271061745575792,-0.1795671028973067,-1.350603703303102,0.5717292221653163
247,2000-09-04,-1.488440793096554,0.5773086905746901,0.8363130438165848,-0.4649656367037288
248,2000-09-05,-2.3651969286264447,-0.7273161980453543,-0.296164438211502,0.5375575400168098
249,2000-09-06,-1.19587742448313,0.8650714533885617,0.5893040093996392,0.1397361849994648
250,2000-09-07,-2.048783683385963,-0.0838224824016727,0.0680029309503203,-0.0704347747183364
251,2000-09-08,-1.0025924972205378,-1.9292339872798767,0.882663132254509,1.288629191953583
252,2000-09-09,1.1091282100845488,0.5458445259162974,0.6696788587086181,1.9078714046144536
253,2000-09-10,0.9260121346725626,0.1888637863921757,-0.8235544530571722,0.6142482412947077
254,2000-09-11,1.4424516231182902,-0.4548277837364969,-0.389276371121584,-1.9196370220769905
255,2000-09-12,-0.6927075015649419,-0.5201632518797819,-0.2736936246045822,-0.5231099169214324
256,2000-09-13,-0.6567968023107648,0.5378260047569046,0.2649850757439767,0.1389869268423623
257,2000-09-14,0.4936716478436604,-0.241186651484653,1.0913629657622488,0.8327680269518124
258,2000-09-15,-0.6731358208793283,0.121075943617073,0.7512427061242991,-0.0718417576609905
259,2000-09-16,0.6186108803905711,1.8748568806669037,1.608593832260047,1.6417893558980852
260,2000-09-17,1.1364434604687468,-0.2911985929152851,0.0405428229962304,-0.654264943541213
261,2000-09-18,-1.3250646374003014,0.905023717908332,-0.3038841754688674,1.32011737274949
262,2000-09-19,-0.2794878325471008,-1.3017854584891364,1.3606422425025042,0.7414977197194169
263,2000-09-20,0.5743055451124343,-0.0402556906253422,0.916352081236198,-0.8727555920584102
264,2000-09-21,-0.3304791504631409,1.931093457207404,-1.2533786346545348,-0.2513843127471603
265,2000-09-22,0.3663219849781411,-0.7739869855892425,-0.4386481645473283,-1.564871146403117
266,2000-09-23,1.4232191069182232,1.9771656208934536,0.099359601330563,-1.6848549410786418
267,2000-09-24,0.6281483962982477,-0.9558819599816608,-0.0126088409893267,0.99284953186162
268,2000-09-25,0.0036091181892415,0.6364630491041641,1.441797413036324,-0.5616781134813407
269,2000-09-26,0.4191447178322257,-0.7213983659889796,2.072192619929325,0.8342069269468801
270,2000-09-27,0.6671541780923068,1.5762310802382062,-0.4100770391784009,0.4559231076252611
271,2000-09-28,-0.3090249546711154,0.0340965242492998,-0.7283836901053498,-0.5384093986052927
272,2000-09-29,-0.0846364158023701,1.372794138065529,0.1854680692144127,-0.1479789819704181
273,2000-09-30,0.0666023403802064,1.8212086900202749,1.537155214588945,0.2758850779331412
274,2000-10-01,-0.6681974185164767,0.1950642814722591,-0.4191713493362336,-1.3002591572370588
275,2000-10-02,2.1206934222898197,-0.5441701958064161,-1.207810141173447,0.7786398724209754
276,2000-10-03,-1.3376634722474616,0.5125146355901956,0.5705042762358825,0.4296457872883045
277,2000-10-04,0.4829948079236972,1.4933055712396484,-0.69824141126605,0.133211893230197
278,2000-10-05,-1.1873528682203962,-1.8574504354897423,-0.3610373502144152,-0.5619877756662277
279,2000-10-06,-1.0541821948889347,-1.1384375329952563,-0.6504339226412766,0.2704369600455256
280,2000-10-07,1.8154749349899924,-2.162150969103201,0.0538119977315648,-0.4026379512614931
281,2000-10-08,-1.6252038869829852,-2.0792264097097526,-0.8618818917514875,0.8710460011314193
282,2000-10-09,0.3225728200690501,-1.5369833764311511,1.0988790707585248,-1.9839800425108096
283,2000-10-10,0.5826478614589871,0.9463867702132184,0.7724443649179191,-0.9684856750088529
284,2000-10-11,-0.8998384447845963,1.08381679914342,1.5873552226321694,-0.5403388939795499
285,2000-10-12,0.5067875859746918,-0.7183932520127272,-0.8017925387868389,0.8665925964213614
286,2000-10-13,-1.933687546654532,-2.028981456906236,2.431737717029592,-1.202786533766202
287,2000-10-14,-1.3370341631077978,-0.1378953865493283,0.1588156600949071,0.7428665694854881
288,2000-10-15,-0.0184922162675463,0.4783269075286823,0.0599959870021181,-1.0091709893745495
289,2000-10-16,0.5432517004842694,1.316007830645139,-0.2426594896713079,-0.4276250467033712
290,2000-10-17,-0.4334221542982117,-1.65876116108261,-0.7344970683195698,2.335722875991617
291,2000-10-18,-0.4519564874918651,0.1448680331142104,-1.026196403105572,0.9860421485729745
292,2000-10-19,1.143665445795686,1.5003108214087908,-1.0761280645307036,-0.1246276049574312
293,2000-10-20,0.0386411681471262,0.4284455602979016,-1.1611094627264864,0.1920830225629837
294,2000-10-21,-0.7380364316547229,-0.9768295744231508,0.6768108140690738,-0.3927940463335775
295,2000-10-22,-1.5160299279617528,0.6659152981998012,-0.1412146258431318,-1.9044527464194208
296,2000-10-23,0.6909831647236357,0.626962073867664,-0.5516187045493237,-0.1435590319801951
297,2000-10-24,0.5135190353748204,-0.2902205231530461,-1.1716868423363551,1.285646004901556
298,2000-10-25,0.8102584313199782,0.2766334542587156,0.0158643266178021,-2.171267780411384
299,2000-10-26,1.7492072263033376,-0.2161179151086324,0.0509012416275274,-0.3822156179556925
300,2000-10-27,0.8859938712746794,1.3035312774998344,0.0038446818171965,0.4872953071074375
301,2000-10-28,0.2880994459006825,-1.0612961732719617,-1.2198777623382484,1.0365088309795365
302,2000-10-29,-0.2420284499642672,-2.3152352426407776,-0.0128720216028722,-0.1586692215134066
303,2000-10-30,0.8819141405518943,-0.1464515850127108,-0.2866174342474615,0.6453226407500773
304,2000-10-31,-0.4858446733323341,1.396004317356199,-1.2094626787200098,-0.6800405845550679
305,2000-11-01,0.7605730541299914,-0.5277825324590053,0.3169917481909605,-0.3600773997218204
306,2000-11-02,-2.852503451971186,-0.1875994131987513,-0.5862049210034895,-1.0380065553737934
307,2000-11-03,0.3708407286681133,0.0348135439011697,-1.5771951901564112,-1.1787805893646883
308,2000-11-04,0.0939029398369108,0.8342530258404287,1.49049034156595,-0.1801841790327451
309,2000-11-05,-0.888722337567734,1.3300054928190408,-1.178797055348194,0.688325899439194
310,2000-11-06,0.5280772202684982,1.0407847091059272,1.3157011300619923,0.9551021379188386
311,2000-11-07,0.2108144471718318,1.7756433964131533,-0.1001766150014926,-0.0815564144148842
312,2000-11-08,-0.3852248719326116,0.26655580505838,-0.0398945462230084,-0.2908428899016768
313,2000-11-09,-1.222431687537151,-0.4130622269254478,0.6614358629300203,0.5497131057534361
314,2000-11-10,-0.0626524070001614,0.5908292509487582,-0.7256945912509828,0.9355871401652378
315,2000-11-11,0.8158468758972549,0.853559331048478,2.293408504708748,-0.6403890525972702
316,2000-11-12,-0.6171300120940478,1.0623898648397387,0.3402109769943877,0.8559122991178227
317,2000-11-13,1.2946955582505335,0.0185134365934366,1.776106484635453,-1.591488730373603
318,2000-11-14,-1.5116664808071494,-0.5333614769192625,0.7287838773925374,1.3584361282066415
319,2000-11-15,0.6373881526970854,2.414547804425598,-0.0672814743568961,1.9956219936405015
320,2000-11-16,0.2066614524235395,-1.0177682012146112,0.5576063012527407,-0.4391808862710277
321,2000-11-17,1.4754823832685249,0.6769598745253389,-0.9797356376095656,2.012714443885736
322,2000-11-18,1.104585018930898,1.153737502431362,-1.2151320579230898,-0.9846658903404296
323,2000-11-19,0.6682835814146098,0.4224766882568427,-0.5472160438489134,0.0361856368201255
324,2000-11-20,-0.8806888911506295,-0.0176299554766456,0.9808992428558114,0.2108868297375254
325,2000-11-21,0.8200786668101712,0.1605499105568315,-1.3068970500623485,-0.9020047505674356
326,2000-11-22,-1.1769105603515335,-0.9794880824587509,0.4663404265224697,-0.0659125747729856
327,2000-11-23,-1.1026095441455197,1.6983479192074833,-2.3702018362119244,-0.447890567608898
328,2000-11-24,0.788690144694652,1.2748483060155684,0.4241228592914973,0.936821783988636
329,2000-11-25,-0.7817587838237154,-0.2474525380340964,-0.5783170722308993,-0.1206152949197342
330,2000-11-26,-2.400572535212321,1.0093430407419353,1.9536988141402956,-0.2695168355952326
331,2000-11-27,-0.1363886720304926,-0.4622854660097077,-0.5782544526880208,0.2033196069831027
332,2000-11-28,1.390966809612462,2.233727432283843,1.129442879410074,1.4000700702261344
333,2000-11-29,-0.2192088510281037,-0.6271347354516514,-1.7498027560639091,0.4691726981248454
334,2000-11-30,1.691786321936958,-1.5510335433930391,-0.889451529849082,0.4067676679909828
335,2000-12-01,0.1573676322873362,0.9679236074860454,-1.181235188099961,-0.1235457392563847
336,2000-12-02,0.513474381229456,-0.5279446186837006,0.3185360938798438,1.040012974982128
337,2000-12-03,-0.204301477934702,-1.0291712819333785,0.6979228579401491,1.7440882053707023
338,2000-12-04,-1.048770779356837,-2.401956125841484,-0.568605592223148,2.028776334028867
339,2000-12-05,-0.5079514555994463,-0.93040243844459,-1.0060237239212273,-0.3929346566961966
340,2000-12-06,0.7930046052201816,0.6967213004122803,0.5950554921025196,-1.544686789346274
341,2000-12-07,-0.8008300660393742,1.1840035169235197,-1.5167520723822427,0.8032781302809617
342,2000-12-08,-1.1526994741849903,0.819857775121359,0.5195468544265339,0.0585167333890432
343,2000-12-09,-1.0591229906564614,0.3480582980518457,-0.7257518471428407,-1.3399097589329456
344,2000-12-10,0.6936299906403416,-0.3352660127537962,-0.475303429027773,-0.1713430352814189
345,2000-12-11,-0.5177660187726294,-0.1204826652805892,-1.557278807394433,-0.7505619359416925
346,2000-12-12,-2.0774012305808887,-0.3226532950777048,0.2718318881824954,1.632564378274251
347,2000-12-13,0.2597885735646943,2.3907968524120413,0.0746323217877052,0.2268127710055509
348,2000-12-14,0.2519883199735125,-0.9860534260956084,-0.051861762484138,1.4171173223710274
349,2000-12-15,-0.0291327906517891,-1.8321825823608968,0.5378479165049197,-1.796530684804159
350,2000-12-16,-0.4483843247672185,-0.3236740132461655,0.8898862518035869,0.1334757867363594
351,2000-12-17,-0.5198168139706583,0.5374359001245139,-0.4952153906822177,-0.4488898611097844
352,2000-12-18,0.1652152211545454,-0.9379147363737064,-0.1329826002631922,-0.9375047889488268
353,2000-12-19,-0.1495408977910044,0.5527429362992918,0.4902115825609809,-0.5935260057437668
354,2000-12-20,1.3701934356219918,0.591530927721318,-0.3149393587307127,0.4300527966913488
355,2000-12-21,-0.8876474135006506,2.4435144550559538,-0.6344332406814078,-0.5503274164787919
356,2000-12-22,0.2718632854980601,-0.521198824643451,0.9914883542786966,0.5325965714103642
357,2000-12-23,-0.3903219574813313,-0.7634096701773901,2.0748689351177707,-0.082047773189044
358,2000-12-24,-0.8440686753653488,0.5092637580330258,0.7513891557914351,-0.0152064035132559
359,2000-12-25,0.421504923459636,-0.2843605371139125,-0.998243026465273,0.8854415769368836
360,2000-12-26,-0.3124812416938393,-1.9103548696473736,0.7847175516535534,1.32596075753119
361,2000-12-27,1.3936135566758172,0.7244506018122617,0.7172241683928121,1.074819155200252
362,2000-12-28,-0.5780912237817323,2.4693876888701127,-1.445821200975702,-0.6492190518160852
363,2000-12-29,0.5959910780237961,0.2780613757728112,2.417984266447621,0.1309791873775181
364,2000-12-30,1.5291195078147684,-2.047260072168712,0.2032484906850498,-0.761290312978976
365,2000-12-31,0.2814312895837818,0.2326628641371226,1.6968839814349346,1.457065708164457
366,2001-01-01,0.6417438904452574,0.4474437238961505,-0.1649666551106363,1.6363691283589257
367,2001-01-02,0.9824997261743708,-0.1604255694206785,-0.3451622185298144,-0.6118516240240647
368,2001-01-03,-0.6297371408794676,-0.0558111464160298,-2.4922539964508386,1.5782197377351206
369,2001-01-04,0.3424415061877737,0.9453112094564248,-2.089900870074224,-1.675963940103954
370,2001-01-05,1.1862450936886115,-2.041272825111806,-0.0870897795793221,0.7728737445173974
371,2001-01-06,-0.8436207085054198,0.5345980826436987,0.3530386411882027,1.0339645289646358
372,2001-01-07,-0.9232467353152848,0.9489157839166114,-1.6896782145710334,1.208877736251841
373,2001-01-08,-0.2948007510687992,0.6825489439538175,0.4703392895100503,1.0817874262558949
374,2001-01-09,0.5883673248461918,-0.0497556544527779,-0.4277206037749614,-1.2408016013128689
375,2001-01-10,-0.5520903430345246,-0.6503275491643641,-0.5922342288148714,0.1783333006794497
376,2001-01-11,0.3694214068548626,0.0890464009588408,0.7709171002450964,0.1723189170715635
377,2001-01-12,0.2382507350535435,2.1851585283624253,-0.5427854481506554,-0.740649754645643
378,2001-01-13,-0.2795094748300505,0.266224682479016,-0.021411976922763,-0.7628662975807069
379,2001-01-14,-0.5851431283720911,-1.5482960460131738,-0.3120429704758716,0.3511499986144587
380,2001-01-15,0.5983431591558509,-1.162154071948897,0.8141580893784607,2.261940167023827
381,2001-01-16,-1.0263810585941309,-0.5029892780718607,-0.324652003452374,1.2696912419771909
382,2001-01-17,-0.5641808074782116,0.4086986962981452,-0.6941335540108559,-0.1002132911093956
383,2001-01-18,-1.3153484754528812,0.2728841649004855,-0.248100246585534,2.5622912626433947
384,2001-01-19,0.1088657520054077,-0.1453737283348567,-1.0726023501592394,-0.0222891989827119
385,2001-01-20,-1.0498061686203213,-0.6774519201702356,1.2597718239252225,1.1925543489741326
386,2001-01-21,0.9322813521453832,-1.0808952512487096,0.3236349098203505,0.2812441461199562
387,2001-01-22,-0.7702754246541804,-0.31047345793757,0.3894995914933662,0.128164353979949
388,2001-01-23,-0.0905680942554876,-0.4396081158016315,-0.3326517139466189,-1.1148430449669018
389,2001-01-24,-0.5846581121525743,-0.7068903259589844,0.1464311636176187,0.8156878474650939
390,2001-01-25,-1.5263091869016103,-0.2001494276780686,-0.0888945901913669,-0.8846321612488421
391,2001-01-26,1.8812911686731368,0.3082016338964458,0.2272834884297608,2.4142197409579778
392,2001-01-27,0.1694036714396439,-0.028941519033271,-0.5278094026311737,0.223950707593026
393,2001-01-28,-0.329728075156781,-0.3148119988902428,-0.3840199814487395,-0.1267365344114925
394,2001-01-29,1.5407199210959046,-0.3007394982201521,1.3745268810147735,0.5346483362753974
395,2001-01-30,-0.6605515122073086,0.2315683465480359,-0.5096557272747483,0.6230380632027832
396,2001-01-31,1.2502901967868982,-0.2339954465548904,0.5952323016522535,2.842816135923417
397,2001-02-01,-0.5296142703390422,-1.10881874444842,0.4065807810602211,-0.0953154713746586
398,2001-02-02,-0.6461959749891837,-0.507447033723449,1.2459789127880818,0.3525408450782825
399,2001-02-03,0.0869066696941378,-0.5219905826904724,-0.5422684878613856,-0.3660199960274461
400,2001-02-04,0.9570157739256656,0.4488292158869212,1.4046320422037466,2.3707936872465827
401,2001-02-05,0.4782152827603438,1.0086796723148603,0.2281932999479246,-0.1356175633780841
402,2001-02-06,-0.3886661640876078,-0.1387052007605321,0.970221419850326,-0.5331906863765048
403,2001-02-07,-1.097093092343706,-0.5168169946564459,-1.7042747714976898,1.1122013824915766
404,2001-02-08,-0.4438851590948322,1.592734202062277,0.4260177156422808,-0.0636013191657972
405,2001-02-09,-0.0145530626210643,0.316914951728998,-0.2989950853340434,1.0926151366621617
406,2001-02-10,-0.1325705282198152,0.3911373638537772,0.1102825275143989,-1.4525795997059738
407,2001-02-11,-0.8601876798016517,-0.7816912721058721,0.7810822036983901,-0.593994155874189
408,2001-02-12,-0.007787864372099,-0.6735390854843164,-0.3386673017193786,1.9442235581610223
409,2001-02-13,-1.1547634795300152,0.5953359451272106,-0.1966567601940443,-0.453446267852189
410,2001-02-14,0.6944864629948362,0.3890691962591681,-0.0259024452943291,-0.9269826933282524
411,2001-02-15,2.101270301823265,0.4745587298819257,0.9020399889355972,-1.5464444161978166
412,2001-02-16,-0.3695942317400834,0.3084459027535025,-0.2575145988982706,-0.8934223055955538
413,2001-02-17,-0.1138726707055337,1.7732882767978253,-0.1611388286203979,-1.1799157859904583
414,2001-02-18,-0.009254752061847,0.3821764565147166,0.2254353204063577,-0.540640380762131
415,2001-02-19,-0.6106689506520121,0.5182596777473479,0.0532915336017824,0.5883598889123575
416,2001-02-20,2.014015695847632,-0.5169190648274804,0.2082243094567469,-0.5833515988737547
417,2001-02-21,0.5961580053194567,0.0467206198830023,0.946361061536306,-0.7116058020861179
418,2001-02-22,0.1790231446019178,-0.1902743879540462,0.7616366290707189,-0.0848824281783208
419,2001-02-23,-1.31270819537983,1.850266628059773,1.517993730324197,-0.0093058210562909
420,2001-02-24,1.0667960205208535,0.6163887644392023,0.1785373730215289,-1.441562306647266
421,2001-02-25,1.6505351248828213,3.071613263882637,-0.7090628136245378,0.4120693906763043
422,2001-02-26,-0.3964657846548214,0.1645811271009978,1.2482841886989895,-0.5814092699866975
423,2001-02-27,-2.1391503085635954,1.5971778460470454,-0.6028828837876715,1.3525252547166675
424,2001-02-28,-0.2297068373569328,-1.2672351206852432,0.597461419195617,-0.6337164564747173
425,2001-03-01,1.036613368778077,-0.1470752410362004,-1.443580382161118,-1.1994815894580049
426,2001-03-02,-1.5653955299972429,0.3366659491784525,-0.4775083402033286,1.0395202207787648
427,2001-03-03,-0.5268665564499463,-0.8201779330060617,-1.690099834423521,-0.8970234761433548
428,2001-03-04,0.9041714832788356,0.488589157232941,-0.1642658474205923,-0.6748658501568431
429,2001-03-05,-0.3351035375119862,-0.8619816942313042,-0.4988426393356951,-0.8956707582328006
430,2001-03-06,0.2513909145494474,0.10823227215713,-1.3838490227927245,0.8417920345373922
431,2001-03-07,0.1523517110487797,-0.1802796310584227,0.7217088695728847,1.2421873085937971
432,2001-03-08,0.6914423052222334,0.8022069904632059,-0.9947479559497996,0.2819022353616238
433,2001-03-09,-0.6717410547227679,-2.335971065801384,0.5071683772697073,-1.013456945793496
434,2001-03-10,1.6894531453498272,1.6668257183029778,-0.694340658088843,-0.6518802965876171
435,2001-03-11,-1.555181505019598,-1.6292234763121316,0.0817781808092549,1.4317831803928571
436,2001-03-12,0.582637182661747,1.1214290967242349,-0.5419972223332284,-1.7246954406286918
437,2001-03-13,0.331208731349627,1.413700895392923,0.2372676595168667,-2.2806410805585027
438,2001-03-14,-0.7971973545800227,-0.5043623997986405,-0.7902823944148296,-2.113578185661789
439,2001-03-15,-0.4932602020100629,1.344971486665951,0.0394844199184461,0.2953630563674375
440,2001-03-16,0.7753239706548242,-0.3727428398334648,0.949995344652488,-1.2594743401219812
441,2001-03-17,-1.6789709996269695,-0.2463586865101641,0.1586684410830694,1.5491058308162822
442,2001-03-18,-1.5298974900623592,-0.4297228805539663,1.2873402829633755,-1.355823471898814
443,2001-03-19,-0.7618876737921336,0.321786558709349,0.1641739084958594,-0.7413319788697922
444,2001-03-20,0.8677713145992288,-0.9059195076315172,0.9143034955251376,1.08381690911121
445,2001-03-21,0.895823016819706,2.0344999377383086,-0.1379302849462251,-0.0557468147024176
446,2001-03-22,0.0896237396313864,-0.0634391777173493,-0.0083398499427991,0.6154826036902288
447,2001-03-23,-1.0754301632872851,-1.0368491986660215,-0.0902737436609787,-0.3952475358088692
448,2001-03-24,-0.0526113034899935,0.0344838970091012,0.4974783438405348,0.1834235634192081
449,2001-03-25,0.1498744834434217,-1.2472870487133756,1.4321711113890008,-0.6506738792962695
450,2001-03-26,-0.4664571853694012,-0.765395292791906,-0.2558429634562566,1.059271895541664
451,2001-03-27,-1.3359080820189777,-0.7478805730479842,0.7612115174311074,0.6864961150205301
452,2001-03-28,-0.7331563143252263,0.2753126039842909,0.5045548086012316,-0.1476350478244821
453,2001-03-29,-1.6142616070976212,-0.0343696430976614,1.820808346963912,0.5327461380260784
454,2001-03-30,0.3261029041082854,0.8615979817688271,-0.275968657525271,1.8254843346374423
455,2001-03-31,0.9956974573013616,-0.3085254010927394,0.0447455707230895,-1.045552077836018
456,2001-04-01,-0.0181677037308802,-0.243208194992708,1.1063810330798458,1.228177600057612
457,2001-04-02,-0.2850182821863727,-0.7325347071665045,-0.2790293186544719,0.1548785977803157
458,2001-04-03,0.052780941492926,0.0140271057950325,-0.6920635223329286,-0.9208272577492312
459,2001-04-04,0.1225205166925693,-1.0618000450168157,-0.5222819723700146,1.21549839804798
460,2001-04-05,-2.520533904838386,-1.0034042042195896,-0.3673900433611697,0.4093043552512876
461,2001-04-06,-0.1369488799717503,-0.464905458059902,-0.6778180268805616,-0.1492387011781588
462,2001-04-07,1.8687601859057177,-0.2629538108164772,0.7086786224735968,1.355446763882021
463,2001-04-08,-1.1814655238335212,1.526207299156597,-0.4299826382922158,2.059924298152911
464,2001-04-09,-0.6380895578777466,-0.9436265834637704,0.2385522546857073,0.3581494100169876
465,2001-04-10,0.37946518245013,0.0836712932562357,0.4363664413878494,-0.6894870128522279
466,2001-04-11,0.2264950597911554,-1.1688694996352929,-0.5815246523938001,-0.7390442416088279
467,2001-04-12,0.9279540060480512,-0.4247594052276627,-0.074598244762667,1.1896243359020486
468,2001-04-13,0.6122042889392003,-0.3184051305039612,-1.13828409092327,-0.7309466406531605
469,2001-04-14,0.4876962907104811,-0.7410393849121163,1.784185694358075,-0.1008842299553337
470,2001-04-15,1.8430031798921216,0.1173481971721631,2.559410398703582,1.1828184444595846
471,2001-04-16,1.42880148119784,-1.201703454253248,-1.3873809394452168,-1.5612601372708932
472,2001-04-17,-0.0916861256809181,0.9706619413520636,-0.1832740568300469,-1.2335484668123673
473,2001-04-18,-0.1735989049153494,1.722620221035169,-0.6599906430463075,0.5510793771195575
474,2001-04-19,1.4020477012898978,0.5997680669970319,-0.7771907750280617,1.2935275797027732
475,2001-04-20,1.966388025905811,-0.4110252286192616,1.0891063862839387,-0.7054117971034138
476,2001-04-21,-1.6924328251340242,0.149255076113384,1.1748193174947974,-3.1827459707885297
477,2001-04-22,0.2855818603469792,-0.6513969744269956,-0.4882925929536761,-0.2001485228978555
478,2001-04-23,0.5123598382333514,1.048554139480151,1.1463737871452164,-0.8675734922648293
479,2001-04-24,-0.2571504566682256,-1.7687088843987504,-1.9729389159169952,-2.265886814989729
480,2001-04-25,-1.7827398646017665,0.8934439449195276,-0.2211930346690592,-0.355498186323437
481,2001-04-26,-0.3271342858979816,-0.4406452841151079,-0.4676019418875508,0.049136143800346
482,2001-04-27,1.5137928103339608,-0.2555948093967624,-0.7207817955059788,0.6610868242626696
483,2001-04-28,1.3852605541550054,0.802857769783604,1.3898886071670524,-0.8977667633355964
484,2001-04-29,0.9176007148251548,1.593955484327397,0.3424668098867713,-0.0131838701589377
485,2001-04-30,-0.0779882013474728,1.2405574968878683,1.110138949197496,-1.012431322981408
486,2001-05-01,-0.6245153861348026,-0.9735622243106364,-0.5578294878098876,-2.960336122133424
487,2001-05-02,1.6800326574952396,-2.7190203761456364,-1.0922325299064477,-0.9609561110512096
488,2001-05-03,0.4785538994404706,1.5609230213755665,-0.6536881216607219,0.851002777563513
489,2001-05-04,1.589852737044273,-0.2454601623873036,-0.0636581655678642,-0.8863309654751342
490,2001-05-05,0.6897527108653266,0.7976545610940907,-0.0482550021612628,0.9631969698062284
491,2001-05-06,-0.8641029113514657,1.5554903676632392,1.0195604316827949,1.248036441323525
492,2001-05-07,0.2814638757505519,-0.9420633181300936,0.0141758793390783,1.8660150678076408
493,2001-05-08,2.1831466160902693,-0.9123696377799048,0.726968506873828,-0.9912645031179016
494,2001-05-09,-0.0156571957096822,-1.2505216527104803,-0.5502493008788469,-1.307160050132615
495,2001-05-10,0.0277464279525381,-0.8832019010475193,1.1266407021023903,-0.1271517443544557
496,2001-05-11,-1.2438858817257994,-0.4790607821784225,-0.0127385510267605,-1.186185593146916
497,2001-05-12,-0.1926596203071951,0.2848616704469702,-0.2081763159686623,0.5110879018297847
498,2001-05-13,0.7435212700699023,-0.2011246247511441,1.1014006158807703,-0.1829405059402155
499,2001-05-14,-0.8798580765282102,-1.430445271500742,-1.0202483766081776,1.655219758191158
500,2001-05-15,0.4078983968747942,0.0394981977337089,0.4351571325757358,0.4957292688013425
501,2001-05-16,-0.4856969115537968,0.0430373702817399,-1.2843514955795683,-0.1038571273997615
502,2001-05-17,1.3600174445868196,0.4975650554983075,1.0050351792711292,0.7185850865919213
503,2001-05-18,1.1410899721473653,-1.2203665672783612,3.210232779472838,-1.9342013472428083
504,2001-05-19,0.2413581165251719,-0.2620708330269281,-1.5624158624349496,-1.2015280785228877
505,2001-05-20,0.1727085834772285,-1.0317902752392751,-2.192151305190266,0.6610563578739292
506,2001-05-21,-0.4427625212247597,-0.3392834773936872,0.9093139126265056,-1.0505727460307253
507,2001-05-22,-1.7509410822421263,0.131436837327251,0.40669841025893,1.5590438128789743
508,2001-05-23,-0.8407840290711829,1.050007575658392,0.2087571213918899,-0.7241857794529606
509,2001-05-24,-0.0041191787212765,-0.2346720645408065,-0.038143067625666,-0.0577169583020749
510,2001-05-25,1.468894461395266,0.8778657033718149,-0.279025816434631,-0.1813392629275376
511,2001-05-26,0.6664778319409066,0.4691783403451754,1.4100496259454731,-0.0320944214713406
512,2001-05-27,0.2343710406009993,0.663354855178218,0.0081534407874239,-1.1773310821089442
513,2001-05-28,-0.2943111946962151,1.623777799639414,2.494532194549081,0.8026243898410281
514,2001-05-29,2.2132886569434542,-1.0657675984809942,0.9205451085403707,0.140740842956115
515,2001-05-30,0.3273200948727376,-0.7135439412076983,0.955849683161058,-0.7681124906637863
516,2001-05-31,0.3608243475812503,-0.7860520042127273,0.9555236626353368,-0.5844128542630025
517,2001-06-01,-1.400429289019267,0.5101925782679393,-0.3810776917820885,2.404615663739477
518,2001-06-02,0.3292523394130679,0.9330190803119224,0.7057684191884673,0.054104087518699
519,2001-06-03,-0.1614346837881791,-0.5117360717390725,-0.527536343722187,0.6964575098356414
520,2001-06-04,0.1018390691637322,-0.3204282700879115,-0.08779649755364,0.0230341404870866
521,2001-06-05,0.9301254371227228,0.226463702144029,0.1145928753318125,-0.7759708051604285
522,2001-06-06,0.5306199785654587,0.3809918073328731,-0.3143028665850056,0.4418392435829226
523,2001-06-07,1.0145012138992595,-0.000619214699637,-0.7535143513011037,-2.01222633893792
524,2001-06-08,0.3260377019210984,-0.603547506521277,0.0344481702566945,-0.3311089613427576
525,2001-06-09,0.4202510736880311,0.6753647564347561,0.7211626020355468,-0.8679704279014963
526,2001-06-10,-0.8999721163474897,0.775597933199009,-0.2513009807800508,0.2390151021839284
527,2001-06-11,2.100026418015108,1.9245759745331843,-0.5760866978695139,-0.6109191889589469
528,2001-06-12,0.6892578430550504,0.9694066432812216,0.5796700801608315,-0.1257770997975989
529,2001-06-13,-1.2905518682249173,0.3749606948094457,-1.1820406605857503,-0.2102152046616352
530,2001-06-14,-0.3782312831338306,0.3392994269367311,0.0079350233545226,0.0274446607406437
531,2001-06-15,-0.0972293670297621,-0.524227634654241,-0.6704548413472308,1.5189714225533093
532,2001-06-16,0.1034469085132531,-1.69087724596328,0.192725585827181,-1.1560666692976964
533,2001-06-17,0.6658790590605745,-1.0097697064089963,0.0157338739376738,-1.0190296369893173
534,2001-06-18,-0.38770721871759,-0.4459797871797883,-0.9128925370109048,-0.5880980425182384
535,2001-06-19,-1.226921592855965,0.6223103295976139,0.0273081694993141,-1.4031732248990725
536,2001-06-20,1.6000905006693424,-1.1849528949001549,-1.7359221304186094,-1.5479192260078247
537,2001-06-21,1.5462933068820306,-1.0948577937217103,0.847360424462189,0.030854979212556
538,2001-06-22,0.3084501328100613,-0.0104409865824422,-1.0335869886615898,1.4280054106152409
539,2001-06-23,-0.4288497156302503,-0.0962954966757377,0.9077584601838362,0.7687995244085091
540,2001-06-24,0.2925809546008531,0.263580519377359,2.139654872563473,1.372337396880826
541,2001-06-25,-0.2824049676928729,-0.9448717801683982,0.4988070545744141,1.0547003410634357
542,2001-06-26,0.6160528397025151,-1.0396983461677802,-0.9695963281260644,0.4501509303792731
543,2001-06-27,0.1861164760047007,0.0724232519222205,1.47333289055796,-1.2184503310962471
544,2001-06-28,0.8600895996237675,-0.7240844524882013,-1.1431413607666632,0.3921479098421982
545,2001-06-29,0.2261647073320329,-0.2976175236747754,-0.7827986645513447,0.6818992351543391
546,2001-06-30,-0.390546637011871,1.135032700617047,0.5558447784004976,-0.9983503599146408
547,2001-07-01,0.4083353849090302,0.3418780846777122,-0.7143156150032863,-0.2908005270007033
548,2001-07-02,1.4196006480310508,-0.4323050439349079,-0.7129809831688688,1.3279533952094853
549,2001-07-03,0.3633386722194722,-0.1735892831052617,-0.6339023704022804,-1.666404203667771
550,2001-07-04,-0.1147845260916926,0.5737010779942122,-0.1201481179850987,-0.1307161241322814
551,2001-07-05,-0.8390381679709671,1.8099362090783,-0.7362449629071502,0.1165988036480089
552,2001-07-06,0.1951078481995258,0.909078415539217,-1.0174849176897702,-0.9808278288111388
553,2001-07-07,1.0697276125677344,-0.2175856888501804,1.3215797625325862,-1.1487132515076803
554,2001-07-08,-0.2558982320000631,-1.5098568978499085,-0.7486763896173874,0.1874692947334136
555,2001-07-09,-0.9426138223048964,0.0950168482987022,-0.6954238216965082,-0.6061093158698089
556,2001-07-10,-1.0711826244661906,-0.3514813708123286,-0.1321086713593925,0.5235015636890412
557,2001-07-11,-1.0479405474079937,-0.0405942142971549,0.3938910625759041,-0.155263171531104
558,2001-07-12,0.8001378429063934,1.4843880674622465,-1.4649304894408832,-0.7678568173059271
559,2001-07-13,0.2184728923456337,1.2310233520958451,0.180333797871916,-2.271372211089286
560,2001-07-14,-1.3005493849440355,-0.7295227924425047,-0.5140189752790174,0.3181531134146869
561,2001-07-15,-0.7258088046197964,-0.0357138853342381,-0.6649114513563712,0.471883058544111
562,2001-07-16,-0.223671697932882,1.1974550239740858,-1.4483388785569655,-0.4779953511727304
563,2001-07-17,-0.6432021843011854,-1.1560945507993536,-0.359480806225963,0.0082953455394549
564,2001-07-18,2.52788799023635,-0.4904258187474697,-0.6962517030527128,-0.7140826186103122
565,2001-07-19,0.5644326806325005,-0.8447702897862149,-2.1518438183376727,-0.4533626097296542
566,2001-07-20,-0.1280411739783867,-0.9023009686344716,1.329346561328051,0.0783369929736375
567,2001-07-21,-0.5567193012055061,-0.980583072034151,-0.4539495992505877,0.6344590423089662
568,2001-07-22,0.8153045932606429,-0.7038950743500909,0.7189227369665772,1.2223670192524778
569,2001-07-23,0.3493062416589015,0.9155217732850176,0.9308472176937496,0.1239555792605853
570,2001-07-24,-0.6165755458104544,-0.7660296592205357,0.929682838592804,1.2008733061940344
571,2001-07-25,-1.6634400854626072,-0.1936595526785354,-1.493432196991149,0.1455568230306021
572,2001-07-26,0.1043630343093123,-1.284164087870573,0.8966281804371974,-1.930556135524364
573,2001-07-27,-0.6097518390592116,-0.7167397282643394,0.5589029485481257,0.3202900193212672
574,2001-07-28,-1.1042237362546563,-0.875773597182771,-0.2203719750319426,2.557317647261665
575,2001-07-29,-1.127310022270701,1.648661368384554,0.6015299789160251,0.7672292780749415
576,2001-07-30,-0.6988455053680059,-0.5329792687196989,0.0440344666694623,-0.5355576758113051
577,2001-07-31,-0.3069742307066789,-0.3415440032384162,0.4976777574120596,0.4878664251193504
578,2001-08-01,1.6214390329309678,-1.7976130567614863,-1.4700412485939782,-1.4837567735409685
579,2001-08-02,-0.682598300903728,-0.2886343876285547,-0.45202639324101,1.1156335185595112
580,2001-08-03,-1.0983194845831867,0.7229016802174331,0.9451113974200452,0.6459484964072694
581,2001-08-04,0.2583740116840426,-0.0873012223935247,1.1660688849060517,-0.1800114249914864
582,2001-08-05,0.2929365440838898,0.72721222304193,-0.9688569030116252,-0.9405256519228562
583,2001-08-06,-0.2801331667090568,-0.346711977530145,-0.4616670047522617,-1.950355108848976
584,2001-08-07,-0.1466582294350563,0.1050654007263457,-1.0862634298560994,-2.3204206664471623
585,2001-08-08,-1.8675682335510568,-0.5778204494966408,0.4136610800579169,1.0963048127902515
586,2001-08-09,-1.3783655906289818,0.0685984579786827,0.0097433998380906,2.340132452021734
587,2001-08-10,-0.1908853262339721,-0.1227513485068164,0.0589100924708143,-0.1147885431093902
588,2001-08-11,0.6620605418218793,0.962985570818514,1.889159626954782,0.3993416636343384
589,2001-08-12,1.2799282198752326,0.7068639722949636,0.8626208516382318,0.5301955788680252
590,2001-08-13,-0.981767938374222,1.146876427181839,1.0142050663207522,-0.1293201274748495
591,2001-08-14,0.8410764753261757,1.2422776177891817,-0.2505504022968357,0.6799963650722419
592,2001-08-15,1.2663893487302131,-0.759637278307961,1.050777273352612,0.9709623733078288
593,2001-08-16,0.8916867460339127,-0.518059894298091,-0.4526286344193992,-0.0686600536277375
594,2001-08-17,-0.3622511915559445,0.2603311689434642,-1.1614630737291425,-0.399264291775994
595,2001-08-18,-0.8493143882914026,1.1646461462960216,0.932474129571963,0.7579917804787195
596,2001-08-19,0.4862432675729295,0.8016732599640608,0.4438002098017929,-0.0994959379926484
597,2001-08-20,-0.1934824964048337,-0.0686788384245189,0.0788422307052273,-0.8998094800805865
598,2001-08-21,-0.8219363336268353,0.7165300963754709,0.3014342597075155,-0.5538577410612431
599,2001-08-22,-0.8949841435229617,0.210140319401761,-0.6304209803264527,0.3613922387285627
600,2001-08-23,0.4212038332846327,0.0553169084325696,1.169273611111501,-0.2290989612678868
601,2001-08-24,-1.4822860213828268,-0.6695118220790951,-0.2093562060878837,-0.3842691458896423
602,2001-08-25,-1.4058499185941589,1.2780815911967265,0.1290205325941179,1.110315944770375
603,2001-08-26,0.816085725512464,0.0011372904952215,0.0133763466940506,0.7196706365895424
604,2001-08-27,0.3149041148062868,-1.7957130548996554,-0.9855282510039394,1.4259433842737028
605,2001-08-28,0.7225184483189575,1.5292875650543392,0.1220480012418102,1.0224447502669534
606,2001-08-29,-1.1111683577289928,1.1083533677759956,-1.5117378872937497,-0.1958407265370212
607,2001-08-30,0.0158961702417131,1.345762055631213,-1.2565954389281058,-0.9211276742751572
608,2001-08-31,1.0516124282696957,-1.8604599263253845,1.5127432395253335,-2.3131843200425664
609,2001-09-01,0.7122594421267917,-1.6594519408729265,0.155785730640814,0.6379201422845325
610,2001-09-02,1.0003764959628891,-1.437011595724518,0.6085836706188393,2.1568801694161883
611,2001-09-03,0.8859059795220096,1.0499677480534269,-0.341497893295389,-1.2028654027919712
612,2001-09-04,0.1326242182747577,-0.0345271749947435,-0.2193838129223836,0.0277219808897936
613,2001-09-05,0.2757905713492214,-0.8264798236516288,0.9103741236868292,0.5266378584839563
614,2001-09-06,-0.5215495362124404,-1.2961892281857184,1.4493835108376796,0.3917476070433699
615,2001-09-07,0.6326983752084856,0.403090051255867,1.1598647569093457,-0.5896178217863827
616,2001-09-08,-0.2414671603903087,-1.3464106568717429,-0.939734761112646,0.3148084236612124
617,2001-09-09,0.1639435770963382,-0.8204689433166107,-0.7595290467097727,0.0261748218973761
618,2001-09-10,1.3204550481590025,0.0920029029035086,0.0244681995837979,-0.6553673891083964
619,2001-09-11,0.0792055881690516,0.916586839898996,1.6051702827950771,0.5300939453031457
620,2001-09-12,-0.879615260607668,-0.1515541831137872,-0.3850678859542564,-0.9678464399149924
621,2001-09-13,-0.951491445529864,-1.9666268703676628,-1.324275545816061,1.4300775140674085
622,2001-09-14,-0.2189090099967039,-0.8025249292969159,-0.2040377243911842,-1.554421106274259
623,2001-09-15,-0.9005728854834706,-1.8656842499325148,0.0525807717380893,-0.0980281514019189
624,2001-09-16,-0.457004496568584,0.1443919836399602,0.0615012181896729,-0.1570712323346359
625,2001-09-17,-1.008517194363875,1.391120459379085,-0.2779622856278167,-1.50287090003597
626,2001-09-18,0.4522150354232628,0.9121553092972742,0.9228223303577424,2.520136318959813
627,2001-09-19,-1.219836604078455,-0.9693394368194752,0.858545408957935,-1.2063216242345438
628,2001-09-20,1.0903962303837038,0.2473914900321654,-2.12806562777174,2.5007737937928867
629,2001-09-21,0.145974197799232,0.3274017793706534,-0.2717075396214215,-0.3401868258519568
630,2001-09-22,-0.1357513308191041,0.4986933160185235,-0.5508986454973545,-1.4061309997590183
631,2001-09-23,-0.3630067803724933,0.604999647596944,1.5888728947000954,1.692374431006012
632,2001-09-24,-0.6392704311257359,-1.2789469134044438,-1.2227833459333524,-0.1618657291545652
633,2001-09-25,-1.6330024043233142,0.5366341196515336,-0.0088607787991113,-1.7284429087067144
634,2001-09-26,-0.8168611977574217,-0.7311561691866062,0.4200197889816769,-0.3029811321388972
635,2001-09-27,-0.185613818222945,0.4815547896133361,-0.4200581563460557,1.4456146911771466
636,2001-09-28,-1.160240006377744,1.0386154996537822,1.855904685400263,-1.1110978583708115
637,2001-09-29,-0.0753007138138912,0.0858771938145886,0.6508376406884576,-0.5756562326401182
638,2001-09-30,-0.3410043801897737,0.859908781835002,0.1438230863176727,0.5814903403166563
639,2001-10-01,-2.393495120785173,1.406063928896056,-1.0811828130814145,-0.011597725442394
640,2001-10-02,0.5007321790363686,1.0638670756848625,1.056988177396209,-0.9259363624308284
641,2001-10-03,1.2863384094578367,0.5324061996675998,1.43005206326875,-0.9496805780060918
642,2001-10-04,0.7038051958066692,-2.117278348393403,0.3009087534056179,-0.6493724225419073
643,2001-10-05,-0.3224743593620072,0.4883942845925295,0.0179545150477929,-0.401934654679201
644,2001-10-06,0.4411304297067808,-0.1656725047464757,-1.09647077763622,-0.635075343610145
645,2001-10-07,0.4501616718808313,0.1614916111720718,-1.501662760831216,-1.304648335370925
646,2001-10-08,-1.1266498679584591,0.1007323763908074,0.4120452044732343,-0.1038136701908636
647,2001-10-09,0.6146003957685174,0.3272374278158731,-1.163533103486623,-1.092423087351759
648,2001-10-10,1.52447640178498,0.4560865626704728,1.1439121786905102,0.7847169572723791
649,2001-10-11,-0.5528501515575713,1.128868363033684,0.2767360689666491,-0.1734511326228983
650,2001-10-12,1.122787422896456,1.7534812468150864,-2.185621291129316,-0.0947977524787012
651,2001-10-13,-0.6053151759625854,-1.2364980817767208,-0.5366422081715732,1.974515187418878
652,2001-10-14,0.813000944291271,0.2174300863779401,0.4369409987381169,-0.8427515790010558
653,2001-10-15,1.6762548894170437,1.464937805823423,-2.38447800565561,-1.097269490486782
654,2001-10-16,-1.175954905730838,0.7367149823231548,0.0850116542764328,-0.3753609418658991
655,2001-10-17,0.0793808471240325,-0.0259018082036023,0.2528651433575515,-0.5330262026701977
656,2001-10-18,-1.1206191937222854,1.102770048898998,0.5499633392031439,1.1111590039223054
657,2001-10-19,-1.9752628469732456,-1.3251883341767507,-0.5055370446824216,0.7340640965704985
658,2001-10-20,-0.1602727845180249,0.5820295608115018,0.1674401661399225,-0.0729366346677872
659,2001-10-21,-1.1667999283963588,0.5399954581287367,-0.0428358305995287,0.3532748749814087
660,2001-10-22,1.3132195484772826,-1.9957163523015105,0.1372711597068816,0.8758218094538288
661,2001-10-23,-0.466221442660916,-0.026381006383596,-1.8891256906304088,-0.2381160108679545
662,2001-10-24,-0.6276270007525431,-0.4008921426009887,-0.0899665588729037,1.5916009679986958
663,2001-10-25,0.4309524741307144,0.1959527298213895,-0.2870978869843186,-0.9970419902406166
664,2001-10-26,-0.4590241583729588,0.444653034391832,1.0715068920056674,-1.4675304292477604
665,2001-10-27,-0.0885124463563442,1.4629300259668208,-0.4673751373791462,-1.7265312774311734
666,2001-10-28,0.9534180179643726,0.2619373119267348,-0.0468735592209526,0.6979792909962435
667,2001-10-29,-0.2524810296782591,1.6671391832343072,-1.9083661232819384,-0.0897365241514216
668,2001-10-30,1.818561730325412,-0.6559294364161404,1.4743062641939535,-1.4566077586872397
669,2001-10-31,2.226213723124423,0.6507740268145659,-1.4057899025397604,0.5324823310148272
670,2001-11-01,1.2541598799847953,-0.4116546162407409,-0.805562750031633,-0.9203206498609664
671,2001-11-02,1.6670426171516226,-0.5739707777337637,-1.097202120789897,-0.1999328547617966
672,2001-11-03,-0.0284882288960415,0.5274369315262183,-0.0559846258933154,0.7942846380872083
673,2001-11-04,0.544007218757981,0.5649590399955949,-1.4254850058982025,-2.6786081287724697
674,2001-11-05,0.0777482883131324,0.1838953190840299,-0.1101186102547508,-0.525585904632138
675,2001-11-06,0.1650196132672758,1.0870655400165654,0.2299431805300396,0.921874974189056
676,2001-11-07,0.0607223873529726,1.2970565857569472,0.091395160222102,-0.4200314714183277
677,2001-11-08,-0.591619530942222,0.3008139404956782,0.4037508929476927,-0.1971156562744213
678,2001-11-09,-0.1821701824950624,1.8907246406069584,-0.1873301531476331,-0.1162354904809983
679,2001-11-10,-1.1867472956389624,0.2863215634822287,-0.2521248577235658,2.045805641191496
680,2001-11-11,-1.2620436135300592,0.4075418555908138,0.2724180762514782,-0.7535268155731283
681,2001-11-12,-1.0370448275452395,0.3079315754301441,-1.3043971629516389,-0.6033397769740939
682,2001-11-13,0.3132048558798925,0.3018531949642886,1.0528834252624384,0.8401507856446925
683,2001-11-14,-0.2734943796138436,2.000622210096252,0.2622435819300664,-0.8596127069969232
684,2001-11-15,-0.3274561536197162,0.5213669174930046,1.2827728796428086,-1.7712799459856043
685,2001-11-16,2.1058263824322485,-0.061555643875962,0.6612447357155835,1.444373496855844
686,2001-11-17,0.122663554675653,-0.8824640281680677,1.5023969026689,1.7305465008951124
687,2001-11-18,-0.7343854299694438,-1.6570592187477933,1.2256960168738564,-1.089167291258478
688,2001-11-19,0.6826477671978197,-0.0273810946874104,-0.1258197214591776,-0.6457547069337958
689,2001-11-20,-0.6702072277460546,0.833940474157421,0.2181458776727833,-1.1992491169475954
690,2001-11-21,-1.8415704994694688,-1.2104338913153116,-1.0995885907626772,0.7643653628247249
691,2001-11-22,-0.6950516644860811,-1.0089758295107452,-0.0838644333150166,-1.920632808997753
692,2001-11-23,0.6451167509946599,0.4780419213118385,0.1597607648937158,-0.7288554706105851
693,2001-11-24,-1.3649583129502345,-0.3893566706343295,-0.8879074743859288,-0.1902455107334538
694,2001-11-25,0.4965686666891694,-2.530952695645796,0.621591145265737,0.1322482294832663
695,2001-11-26,0.8535896187290872,-1.749601650851569,2.1881337615076486,1.5614179008871496
696,2001-11-27,-1.82953400907249,-0.4970926051689553,-0.539377592688193,1.0549868832709872
697,2001-11-28,0.2292613687715942,0.949401954945308,1.048727061627242,-0.6471177025916854
698,2001-11-29,1.2921657641089273,-0.1612158364057018,-0.6746587701212748,-0.1533353631497981
699,2001-11-30,-0.5119652301088696,1.8707592320975095,0.123355433465376,-0.4197592388720562
700,2001-12-01,0.2294577188391184,0.4024897675571146,-0.4563210470849826,-0.1701252119757313
701,2001-12-02,-0.0260845457529625,-1.6907330258584607,-1.6736939977275227,1.168806140553139
702,2001-12-03,1.263139398106368,-1.424148305691188,3.3424844555880395,-1.0364162505152033
703,2001-12-04,0.3868146942296451,0.4079995307310442,-0.1761602666547776,-1.9529882017817604
704,2001-12-05,-0.1272844220877745,0.1679208870148545,-1.776688124451557,-0.2802131183412739
705,2001-12-06,1.472319342354669,-0.2530041790229823,-0.1892578381835659,1.1336970945363378
706,2001-12-07,-0.6990094825475383,0.6640931372064413,0.7708194009065904,1.0996541458059852
707,2001-12-08,-1.1152241065568735,-0.3838468572337302,1.4567921092822014,1.6017441097578216
708,2001-12-09,0.2287248045184802,-0.0910777038283652,-0.9923092038711594,-1.291216688169232
709,2001-12-10,0.4310109882942648,0.8540636497261753,-1.0892349705341149,-1.006687626952155
710,2001-12-11,-0.8834559113443762,-0.3760830671031471,1.3879921471447338,0.1115520981253608
711,2001-12-12,-0.6363047961039955,0.6803620580000023,0.797665649309017,-2.1340765228885203
712,2001-12-13,1.0652827405711642,-0.2993307217129035,1.1178747827826658,-0.8646963335208914
713,2001-12-14,-0.2240222760330572,-1.0435843034258685,0.6161044352864411,2.412325721460837
714,2001-12-15,-0.2684371578151895,-0.4916400742902719,-0.6280652862098407,-0.2188752663417356
715,2001-12-16,-0.0768229916255211,0.9977516299788722,1.0209038626864406,-0.2806332926842642
716,2001-12-17,0.8672682624886747,-0.2492539923362505,1.108090099266216,-0.021325198529905
717,2001-12-18,-1.1574231586442711,-1.0789743179749076,-0.3827700339463085,0.4992964277537848
718,2001-12-19,0.0346840328887609,2.0869567977229866,1.4746579063308711,0.0791215540900681
719,2001-12-20,0.0646762205153072,-1.1534326694104515,-0.5934139253867272,-0.2632942491972532
720,2001-12-21,-0.1436360674835017,-0.0950043159630743,-0.0306452162852979,-0.4977977273062323
721,2001-12-22,0.5610287729928674,1.311736446227051,-0.1701365987932509,-1.8360683523907024
722,2001-12-23,-0.351135318577021,-0.2417565012921537,-0.1377145852953876,0.4939954116582106
723,2001-12-24,-0.09818767197134,-0.3226015495480124,1.1712953393082115,-0.5777844437060694
724,2001-12-25,0.7703418546777235,-0.8085801521864414,-0.4736111183256447,0.7689660174269421
725,2001-12-26,0.0057127264831029,-0.7880778127095529,-0.597319317207499,-1.313448152886896
726,2001-12-27,0.9318859185925112,1.260673322941045,0.0531589098688705,1.1542869909091305
727,2001-12-28,-0.28534530442239,-1.982008382512369,-0.4149289704954319,1.8034989195723017
728,2001-12-29,-0.6662764122319697,-0.46020399615753,0.7597063799213226,-0.1947845206315404
729,2001-12-30,0.752663108838281,0.996118896806508,0.9948173211095968,0.6014801418508519
730,2001-12-31,-1.11070048411672,1.3833749376920352,-1.3000778621194635,0.9830436736361172
731,2002-01-01,-0.4337577099281148,0.3030471356987664,-0.65811032293513,1.2924000122199586
732,2002-01-02,-0.6506001089042555,0.1278425461439725,1.8348143123340488,-1.0206960892014552
733,2002-01-03,-1.050039569957398,-1.5149916724118824,0.814764035535487,0.6484536465026378
734,2002-01-04,-0.5912468488187033,0.984150121874315,1.1176262243218975,0.007003998456193
735,2002-01-05,1.0430365107912631,0.1104885384401989,-0.7240764726442447,0.841824915029557
736,2002-01-06,-2.582656297370399,0.5034328028071023,0.4284546512545108,-1.70326222201982
737,2002-01-07,-0.2083287736843865,0.5793613556905423,0.4858345268129848,1.1596736517659856
738,2002-01-08,-0.7802034467945336,1.3922559692082588,1.538162448592521,1.3263804335462532
739,2002-01-09,-0.6397239869532345,0.2431425184116474,-0.412009829617073,-0.0130042098384961
740,2002-01-10,-0.806866427780436,-1.1215631559387147,0.0868194099486545,0.4782445172798608
741,2002-01-11,-0.1133749218094462,-0.7751372356093492,0.4754558688388792,-2.5919557976071776
742,2002-01-12,0.3582225403202558,-0.8774658796500451,1.7020506348079716,-0.045011626287636
743,2002-01-13,0.5742083022795791,0.2836630269087611,-0.1165796464899748,-0.5974591002912166
744,2002-01-14,-0.0959637506459753,-0.1604068816159206,0.0010421170723343,0.3379908384090122
745,2002-01-15,-0.4854672528928744,-1.025231869797912,2.16494192162213,0.8039823528913572
746,2002-01-16,-0.4349972239740209,-0.3177729367070747,-1.869600475870218,0.5360952836934972
747,2002-01-17,1.1145670870266886,1.0990154765378903,0.6145463484234632,2.3505078075148926
748,2002-01-18,0.5420650619934063,0.5994192519136149,1.7013990016335037,1.7051899652811595
749,2002-01-19,-2.690286761707952,1.458556830073629,0.1953232713763495,-0.3041140596056608
750,2002-01-20,0.6324608204411236,-0.4718635488166092,-0.3560456682276396,-0.5652174963547117
751,2002-01-21,-1.86567088961102,0.5817570484600633,-1.5088208165734145,-2.836327462625237
752,2002-01-22,0.9389114410668196,0.557793034880183,1.909166586785388,0.7609780286336678
753,2002-01-23,-0.9571055026335996,-0.0821978609820796,0.5789710344266008,-0.4249739975947436
754,2002-01-24,0.6477268004846011,0.8212002459337839,1.4305400652125078,-0.2802601370305584
755,2002-01-25,-0.3225190446147406,0.4185672476369113,-0.425978550789672,-0.060102496463078
756,2002-01-26,0.4113085290136349,0.5339370339916218,-0.8483685188108854,1.5282485301146216
757,2002-01-27,0.2692010950886013,0.206840730000832,1.1230230586043168,1.435392260615554
758,2002-01-28,-0.2426799422428624,-1.42323380610044,-0.3354747903548505,-1.2529509268414585
759,2002-01-29,-0.1176712310952502,-0.8144251019950289,-0.352944351917961,-0.2876931628243112
760,2002-01-30,-1.3470628983593442,-0.9837317520667328,0.6511273380023368,-0.1322864020514101
761,2002-01-31,0.239507146628649,-0.0407161778451792,-1.4364511192979004,0.1832775227984007
762,2002-02-01,-0.7211234435125451,-0.8989623056257449,1.694173439203432,-1.5709176819428845
763,2002-02-02,-0.1894203217560664,-0.1984723252233637,-0.6908188363125554,-0.4492793549658026
764,2002-02-03,-0.1328001779149858,0.1946113216498938,0.496351557077412,0.5121123074667835
765,2002-02-04,-0.9119792744957712,0.6521549371572094,-1.4565300281441018,0.4903866048195817
766,2002-02-05,0.2857634164241566,1.2024304134076025,0.0713046515462177,-0.2851847073017398
767,2002-02-06,-0.5272396848092267,-1.5520585766785442,-0.5452426026577272,1.0164148423642516
768,2002-02-07,0.5332090595945905,-1.7926241436214558,0.2494096362208774,-0.6294451329015895
769,2002-02-08,-0.0116898897862543,0.4351732033537829,0.4285088125170409,-0.0834878350098577
770,2002-02-09,-0.9702851099892922,0.8804405259816581,0.8758228072001042,-1.854863465575106
771,2002-02-10,-0.2789530469622215,-0.5593210742659638,0.8397577070180972,0.7277843436029052
772,2002-02-11,-1.664338261845375,0.4594684053322434,-0.6827371256208765,0.3023303340272339
773,2002-02-12,0.0497844449304162,0.6803871098205152,-1.4316483581905777,-0.4657047197593354
774,2002-02-13,1.4462124748536678,0.9626202018827728,1.35250153744548,-0.8270034493623704
775,2002-02-14,-1.202853994303073,2.199980333403896,0.4711106214832739,1.659645932047448
776,2002-02-15,-0.6125233568110546,0.0074536830691441,-1.8778871978909464,2.2092552331928874
777,2002-02-16,1.9602025512409984,1.7012207242102473,-1.3705443647238502,1.1198939259639202
778,2002-02-17,3.4122362677697287,-1.292606083912937,0.546363351341619,0.0973040771414424
779,2002-02-18,0.4092876627089469,-0.802418146050353,-0.7285848412434862,-2.596353869716108
780,2002-02-19,-0.3388919199022091,-0.9487193404754872,-0.9665269490380076,-0.8058985977746432
781,2002-02-20,0.6121804371007119,0.9166470213287083,-0.1136375252161017,0.6674178364614441
782,2002-02-21,-0.0670904148078576,0.0850594573064047,3.271578141489621,-0.0447241815412973
783,2002-02-22,-1.376263228411989,0.4862537123420069,-0.9489463751839872,0.662739285798252
784,2002-02-23,0.6443633101254498,-1.1859782869226476,0.1134508416386356,1.1510581115059315
785,2002-02-24,-0.260251371779171,-0.2028880873817009,0.6332853689522602,-2.2736685095042843
786,2002-02-25,0.0746347705359962,-0.1858766300739607,-1.3261792296862491,-1.0678547563582692
787,2002-02-26,-0.6392180160899675,-0.1750821882152423,-0.7582188696194297,-0.2842707236341525
788,2002-02-27,1.19402161948147,1.3996308353333498,0.8611626957399198,1.1928507573469105
789,2002-02-28,-0.5328526262563231,0.3972970202560975,-0.9725756505292829,1.0699004703179738
790,2002-03-01,0.0097454420373836,-0.8427196908753793,0.8896584996674832,-0.5002975737812132
791,2002-03-02,0.3246672076769809,-2.455976261059853,-2.987971138961773,0.3992057237482498
792,2002-03-03,-0.6205789253067705,0.4362351122999921,-2.0714269946639368,-0.2638391478179465
793,2002-03-04,-0.0322734897837585,1.4434864442535256,0.954298968555154,-0.1241872461575221
794,2002-03-05,-0.2828227091265516,1.302865139735789,-1.26664284706017,0.2023494975813269
795,2002-03-06,0.1322766158417631,-0.3951389369242482,-0.5602567987607068,1.0308819825214428
796,2002-03-07,1.250975562689341,-1.1574669477481387,0.3215920487315755,0.5508651396275908
797,2002-03-08,0.8432352483451876,0.1526413948067588,0.4429742403006494,1.206531985677256
798,2002-03-09,-0.0866121397944202,1.377137656832394,1.293855844883139,0.5645394347821565
799,2002-03-10,0.6542047946982049,-1.6056692713017169,0.3257598295451973,-0.6923924135800218
800,2002-03-11,0.5216057358357654,-1.0580914782220006,-0.5824373950347426,-0.1228098905536798
801,2002-03-12,0.7360509536284128,-0.2038876368929871,0.4957671440035743,-1.4124749723772687
802,2002-03-13,-0.8189711319064675,0.1977717508071491,1.1305617479636836,0.300440529897699
803,2002-03-14,0.7855745577698274,-0.4209168935737884,1.2170092726888084,-1.938911931392015
804,2002-03-15,-0.2666075966248448,-1.9711844107836929,-1.8920727074419037,-0.1748826682329352
805,2002-03-16,0.0515415448762453,-0.2001800782864271,-0.6734983771945421,-0.6082490845606233
806,2002-03-17,1.0277904954195536,0.1661033993733029,0.24302084393865,-1.2489193543803725
807,2002-03-18,1.6059044329248666,-0.6346007159751489,-0.8062935835216022,-0.0329317320237432
808,2002-03-19,-0.603741862170998,2.7740320094172963,-2.125686286098094,0.0192619482386147
809,2002-03-20,0.2933023249665606,0.6976192947754716,2.6087058954110947,1.8178660272459053
810,2002-03-21,-0.7201993972217037,-0.2379757193991042,0.9319122485972104,0.0283141252983007
811,2002-03-22,-0.5572454787516072,0.0370536588554975,1.1678262961828318,0.9653845558590274
812,2002-03-23,0.8758980094621072,0.1044542590058508,-0.5398020007370055,-0.6627943322335018
813,2002-03-24,0.3203330217480682,-1.133015127669362,0.4296444797745163,-1.2253459078153617
814,2002-03-25,-0.6547357816108982,1.8767627039949208,-1.1560835840603243,1.570531540363479
815,2002-03-26,0.1296293396136744,-1.148890509542275,-0.0443407548582132,-0.9480685037526616
816,2002-03-27,0.0057182771493261,1.2190712793337428,-0.2767250547064754,1.2247704636802987
817,2002-03-28,0.2905940523230965,-1.103601162086983,0.5764341609314222,-1.4299107955038424
818,2002-03-29,2.3762076271777177,-1.4642794287704357,0.5116339335104149,2.1516668232627274
819,2002-03-30,-1.7137596559751092,-1.0518559994231136,-0.1312398815012614,-0.6563327327195871
820,2002-03-31,0.2233969558573618,-0.5745640740543329,-0.7384242898719219,-0.6950640163928634
821,2002-04-01,0.2621314720876412,0.0724343852012319,1.388574361342397,-1.5906270667503766
822,2002-04-02,-1.0657798908563063,0.1663139608322852,-0.4882532949183929,-0.5613632182925026
823,2002-04-03,0.9463678137176216,-0.8326233173656141,0.2705178580043919,0.4380014530603331
824,2002-04-04,-0.1906912479898946,1.604610472606484,-0.8829060266915281,-0.9138722405508656
825,2002-04-05,0.0763851236897737,-1.6170540229326902,0.3347943589314192,0.5029522131738733
826,2002-04-06,-1.325138123975392,-0.4753263532023011,0.4218531945662311,-0.3650087316930519
827,2002-04-07,-1.4153600955822945,0.3959439257397966,-0.1670293670732145,0.2969962279664049
828,2002-04-08,-0.7652499652889828,0.8233671627255705,-1.3316586482198114,0.7452517850932212
829,2002-04-09,-2.370752521315409,-0.3718758102299738,-2.509200259765896,1.4224307407754897
830,2002-04-10,-0.5015284866807098,-0.9295320012044724,0.2495929565906894,0.4649678731622426
831,2002-04-11,-0.7037377550314358,0.0160693137909473,-0.2860055258437753,0.7443693288566687
832,2002-04-12,-0.5650151928870109,1.437409706346103,-0.8788093498353932,-0.8647084718988016
833,2002-04-13,-0.3131085564842874,0.5140214684875298,-1.4961095948880134,-0.4846245694703229
834,2002-04-14,-1.2371070580677752,-2.1027858965455475,-1.1278984485164338,-1.4066006836908134
835,2002-04-15,-1.345334181283215,0.7059051033981762,-0.1348353352946418,0.6843206039781503
836,2002-04-16,-1.2989639274944558,0.5735055129725987,-0.3600927463797774,1.2503054016876438
837,2002-04-17,-1.0689269513004866,-0.7838586057839134,-0.2468609491156125,0.1823666049249415
838,2002-04-18,0.2046677341589197,-0.1967436328172082,-0.3607454193708399,-2.0304120900576867
839,2002-04-19,0.1718947621137117,0.7428724412851535,-0.1547291998245089,-1.544389742510612
840,2002-04-20,-1.7584513282747651,-0.2327895130762386,0.7942807944330579,0.6225924926774702
841,2002-04-21,-0.2365006595274833,0.5733817701907774,-1.231565785025865,0.5130651837481637
842,2002-04-22,0.0181770629632905,0.3617779253179893,-0.5139532573238084,0.4927148102664212
843,2002-04-23,-0.2533050546044797,0.7584656369201392,0.331081370740723,-1.3559075401957938
844,2002-04-24,-1.4934775612254074,0.2276021815186661,1.5158840200767822,0.2133979857683125
845,2002-04-25,1.1780718515374131,0.7776500970552837,0.0911401618575207,0.0549310153825614
846,2002-04-26,-1.237898074432605,0.8487182381504419,-0.8233999911979788,2.8065719094876544
847,2002-04-27,0.7691077626074765,1.1694497503748436,-0.1037906601941721,1.693153703445386
848,2002-04-28,0.1478414893941992,-1.71041993652192,1.870051192608892,-0.1591614760802976
849,2002-04-29,0.8567488606651583,-1.628273492576332,0.8806747480128153,0.6487433121822882
850,2002-04-30,-1.5566782121592435,0.981102063822811,-1.1132963989787463,0.2844441867592848
851,2002-05-01,-0.410187191492426,-0.1749726449695434,-1.171768838275692,0.4032920935660694
852,2002-05-02,-0.3907440468608807,-1.2564484664515156,-0.0915867592350899,0.7016767770161549
853,2002-05-03,0.5394525954043118,1.7099786703691602,-0.9647265136063928,-0.4323675835244944
854,2002-05-04,0.6329265541012407,0.047837627846824,0.8402141668995233,-0.3494972107385871
855,2002-05-05,0.8679963503445174,-1.465214624760266,-2.090582210075076,0.2492210175088271
856,2002-05-06,1.042736553355842,0.3241347152784546,-0.1878835861171949,0.2638767677457783
857,2002-05-07,0.1218240440817902,-0.1029826744368095,0.1251356375888843,1.2903319268777504
858,2002-05-08,-0.1093421286146388,0.4362503072693532,-0.836420189382359,0.5035976932271706
859,2002-05-09,-0.5745609712663899,0.210497711525823,-0.4797488576264498,1.3544848020065048
860,2002-05-10,1.076639818179308,0.2606671766865832,-0.9957136842750466,1.8948547042571344
861,2002-05-11,-0.5121657184058209,-0.1463252206295192,-0.2399957206558905,1.7125924353887727
862,2002-05-12,-0.5187391464703945,-0.1711338280837368,0.7774118889106538,-0.25685088542784
863,2002-05-13,-0.882524352809991,0.0085279464739727,0.4313937223739152,-0.8527342074488256
864,2002-05-14,1.9580199391635091,0.0088635107183369,0.352177031631769,1.7399323391118222
865,2002-05-15,0.0079174374044129,1.119466753304429,0.7661545453889048,-0.0990798628182882
866,2002-05-16,1.0957411205254937,1.9404471397339016,0.5947420433229047,-0.2297413026803788
867,2002-05-17,-0.2169733139763922,1.0982844627030992,-1.382075227807519,0.1571217055543262
868,2002-05-18,-0.120565989192291,0.2380486526966916,-0.4478079038225337,-0.1021069005052886
869,2002-05-19,0.1295566354187772,-0.7514926392480635,0.3245547266072273,1.4144166799570803
870,2002-05-20,0.9946882774215698,0.6852446036588415,-0.1838459847054677,-0.9551710010622864
871,2002-05-21,-0.1809009419506885,0.4984933452056325,-0.1683253654893859,-0.5646689999541513
872,2002-05-22,-0.255849154836922,-0.9895064176300126,1.3747150983953416,-0.1632945623219686
873,2002-05-23,-0.6346370257892291,-1.0535725622130068,0.0521701783199556,1.1947345915314904
874,2002-05-24,1.123006718031202,-0.9673256482067164,-1.2022884280044115,0.9014386437199198
875,2002-05-25,-0.5461681941088078,-0.6335567422878734,1.7320838733559596,0.5496890810705093
876,2002-05-26,-1.1131373403481772,-2.1540500265748217,0.3406754266293935,-0.6758240263188652
877,2002-05-27,0.0206907451512825,0.5558976261264424,0.7151167660554629,1.952826211844936
878,2002-05-28,0.5542168857374848,-0.3597612359054709,-0.4735993153227737,-0.516984517667751
879,2002-05-29,-2.00407391329268,-1.5043594765759365,-0.7561357013303703,-0.4865156259342069
880,2002-05-30,-0.2895842768472921,-0.8487063983050849,1.6509879595266206,1.6790725950185397
881,2002-05-31,0.1477522745641402,1.6045813240121538,0.8743228535139954,-0.011826564379233
882,2002-06-01,1.3341138778196349,0.6428207982959638,0.4008496741455309,-0.1108943523865443
883,2002-06-02,-0.472894464690724,0.673688407642605,0.5553356344816831,0.0935978321984228
884,2002-06-03,-0.2757653685625469,1.377852419453235,0.9372774524413964,0.9143981463869336
885,2002-06-04,0.2392336168752406,1.2825877982850833,-0.7622023886685971,-1.3138658478895713
886,2002-06-05,1.0535680001804857,-0.7482654741236403,-0.3724807212902855,1.947606947487442
887,2002-06-06,-1.3079253607357806,-0.4264370418052511,-0.5690545602062904,-0.3917912703847043
888,2002-06-07,-0.0174192356559826,1.092340704472565,0.3545952557260089,-0.1424301245964052
889,2002-06-08,-0.3667362619347954,0.1661546695480563,2.490379475055336,-0.0639949684469914
890,2002-06-09,1.391864728296682,0.7413543129028546,-2.0576099770653054,-2.7263099835532025
891,2002-06-10,-0.1207356287910306,0.9745806967125872,-1.2542788861984735,1.1569312703757555
892,2002-06-11,0.9048285308785172,-0.1260642920360989,-0.7757244444873787,-1.2298651385018335
893,2002-06-12,0.960950875422323,2.1343148303457755,-1.2497547977638783,-0.7941414324235467
894,2002-06-13,1.9057841888538247,-1.0978291640850049,-0.4180639038739372,0.7415347505471028
895,2002-06-14,-0.7536357628936471,-0.1779425344935037,-1.3338930830366973,2.1847097663973982
896,2002-06-15,0.3004007506571667,-0.0811475411880917,-0.7743136202676895,-0.6223099481875478
897,2002-06-16,0.9771386444888992,0.7714926903526423,-1.284646442928454,-1.2319478244597393
898,2002-06-17,-1.369640828885501,-1.1844002107175078,1.6547839866573164,0.1844617606760827
899,2002-06-18,1.6865749832774055,-0.9918263838662128,-1.080520217105301,-0.0067350366934515
900,2002-06-19,-1.0615237742471744,-1.7715221868016409,0.5366515128772015,-0.4540330721761719
901,2002-06-20,-1.1573828953420542,-1.7951163967075678,-1.1993211224171136,0.0561565299563504
902,2002-06-21,-1.1726166170115735,0.3876494477741607,0.120999045065768,-2.518938375917354
903,2002-06-22,0.2973043616430775,0.1560365099564128,-1.8266983515139383,0.6650062462035865
904,2002-06-23,-0.7889807936931221,-1.014578362612626,0.4047125272925284,-0.0663965491622042
905,2002-06-24,0.46302229007687,-0.0931284740751116,0.2498904602423153,-0.9701234345956138
906,2002-06-25,0.1804748289895487,-0.0587947748141426,0.165078601400708,-0.1420551406982521
907,2002-06-26,0.9014076797119756,0.7479049823349908,-0.1964382360339976,-0.5596380260376141
908,2002-06-27,-0.63820009286041,-1.0524297172856207,-0.5490740221157386,-2.267497604846328
909,2002-06-28,1.0668776456940567,1.525366241240241,-0.4493892242103505,0.2838051486504899
910,2002-06-29,-0.2549306385544137,-1.3745429190491931,0.4140571769213571,-2.1547102781084067
911,2002-06-30,-0.0493610079641508,-0.3277443567311627,-0.3534966911427296,-0.0902403862416833
912,2002-07-01,1.4863590230601047,0.8347048089610866,1.1136994330629115,-1.416105367588426
913,2002-07-02,-2.01736888703177,-0.7231958290615681,-0.624529434656646,-0.4910366011984406
914,2002-07-03,-0.971436981067872,0.0540604308093678,-0.4751931414943174,-1.261534338291528
915,2002-07-04,1.2059484848219368,0.6482358628714071,-0.0317340018829701,-0.6487350031117781
916,2002-07-05,0.5903122317448198,1.0690320600641363,0.2354581817977767,1.2318787028288325
917,2002-07-06,0.128894474488965,1.8201359553196743,0.668890339350837,-0.217243339561594
918,2002-07-07,-1.0541995108567404,2.3833995637441405,0.7024905218708635,0.7634432361091403
919,2002-07-08,-1.530556925521542,-0.6750748367616385,-0.5774020697456361,-0.8775282734543595
920,2002-07-09,-0.0728137837517294,-0.3553953824875557,0.3438560088372354,0.0030108631149494
921,2002-07-10,0.1473486116516958,-0.269861215681679,0.3499775771701396,-0.3522601883921818
922,2002-07-11,0.1619669342449651,2.16988316483922,-0.4986521011648976,-0.7465667103225844
923,2002-07-12,-1.203778928618069,0.0762803646725178,0.9971166114043196,-0.8629372393106631
924,2002-07-13,0.987955559675941,-0.2976757608786475,1.2620003406259783,-0.1520865118648891
925,2002-07-14,-0.2666940172891957,0.2705420437371492,0.7617750428367952,0.4537387497960443
926,2002-07-15,-0.6345889121749254,0.4199025160068784,2.3080772839595176,-0.5576023565166487
927,2002-07-16,-0.6248983754680738,1.00186552347102,-0.7389280797261903,2.442447262358866
928,2002-07-17,1.1589917921046151,1.2205349026634411,-0.428810164984602,-1.27215861579863
929,2002-07-18,0.1185484034330855,0.6754862642604594,0.4430515063898104,-0.1062528387603724
930,2002-07-19,0.2625310126661982,1.0264345566923592,-0.7698935101431617,0.6711413980820646
931,2002-07-20,-0.3932484424203737,-0.9321608491103128,0.8995963857240351,-1.7107814365282543
932,2002-07-21,-0.2286479908192754,-1.2357889225913523,0.3557090664640005,-0.6444169127696876
933,2002-07-22,-0.8338440243374234,2.196850513877437,0.186702755868936,0.6124152603561234
934,2002-07-23,1.475165657425326,-0.2478183983697887,-0.760244923271533,-0.4875728020950993
935,2002-07-24,-0.5090307907292503,0.7347548448513198,0.7363684270262474,0.8077510254858971
936,2002-07-25,1.35468958783404,0.069328123199614,1.003005686583278,-0.8359859273802028
937,2002-07-26,1.884714666849994,0.636363546749293,-0.6685163527119238,-0.5866940289740153
938,2002-07-27,-1.446530848476732,-0.165682741275825,-0.2502194417551289,-1.589304159225325
939,2002-07-28,-0.6543275458629274,0.2650575720621786,-1.7148364340857756,-0.310508972667354
940,2002-07-29,-0.6721401825050414,0.5906881839456961,-1.224070849611656,1.0501244038020432
941,2002-07-30,0.5468659157562226,-0.1611302995258529,1.2550909943508948,-0.1623607890649006
942,2002-07-31,0.638731350986354,1.6190627154874315,-0.1563633876021369,-1.433806658601184
943,2002-08-01,-0.2538387804110647,-0.7075869582032901,-1.2282275466776424,0.1669289416703433
944,2002-08-02,-0.4799980331410671,-0.2275097545466256,-0.0043099897215437,-0.4274127793691066
945,2002-08-03,-1.9812948571497224,-0.2084244004520326,1.4232864795676403,-0.2205814507685741
946,2002-08-04,-0.2944042489384462,-0.4395201585058247,-0.1124156948164753,-1.5533495264068935
947,2002-08-05,0.6114973892463668,2.6182114504535696,1.7754026567093886,1.1998146608190712
948,2002-08-06,-0.8259141658266226,0.6027447605107913,0.2908957525271108,2.0384268840053297
949,2002-08-07,2.3098086134545444,-0.1315401749128917,-0.7370282783190737,-0.6558409288086595
950,2002-08-08,-0.1539120519609264,-1.1504307676493115,0.1634242121991768,0.3126163978414637
951,2002-08-09,0.0040340435069207,0.256369748370905,1.2144570798022605,-0.7254027446483874
952,2002-08-10,-0.1388686196036944,1.0533860868718123,-0.0026661615579103,0.0920995272842029
953,2002-08-11,2.883918694089612,1.6266651528912976,1.0205578695540325,0.921622023840758
954,2002-08-12,0.2657698839014008,0.118466895314424,-1.2477573453890702,2.53327812898569
955,2002-08-13,-1.923548856733332,-1.3748207119677125,-1.012263609883877,1.6421691721096163
956,2002-08-14,0.2273038639010812,-0.3680658975273084,1.3733852446863175,-0.8845585632512495
957,2002-08-15,0.765096675458983,-1.3974599052483574,-0.2593318871368474,-0.881184553968674
958,2002-08-16,-0.428262620406199,0.2649313804448593,0.4942286921739904,-2.564364244136916
959,2002-08-17,1.9444694034391985,0.9003497050125563,-0.2009378972503974,-0.760371035957312
960,2002-08-18,-0.7570232484184954,-0.2094869013666939,-0.88029984595404,0.7404643608872957
961,2002-08-19,-0.3696900662278017,-1.0281621470740576,-0.3444297922261663,2.095048449594853
962,2002-08-20,0.8402403712405473,0.1824707797349783,-0.271413662781048,-0.9381212468177176
963,2002-08-21,-1.2678465049153405,-1.7488782761752184,0.4868927175546595,0.1679957384288995
964,2002-08-22,0.3272554382322128,-1.2376573759793563,-1.1354754698178615,-0.6070773683937577
965,2002-08-23,0.9632943230703922,-0.1089738634743777,0.2707493673228434,-0.2584599672609172
966,2002-08-24,-0.7039462649085416,-1.3641541157505672,2.3727856265478,-0.5360285197602757
967,2002-08-25,1.130270132252908,0.5933944916403909,0.8512562718823257,-1.033485576242343
968,2002-08-26,-2.5981602524052336,-1.3088953020008811,-1.551389330080699,1.0847585200252587
969,2002-08-27,-0.1308907011723526,-0.2149087273935167,-1.0303372037671166,0.4985937694992574
970,2002-08-28,-0.9455506100495108,1.4208949845061074,-0.5897776877527193,0.6834818797189104
971,2002-08-29,-1.2256988267179474,0.3938917264927272,-0.5013763300898295,-2.230748347936831
972,2002-08-30,0.8025249493401481,1.7016753756934682,-0.6024447669017637,-0.8107618597796824
973,2002-08-31,-0.2316100221876483,0.24068531590782,0.0604438517416342,-0.0641352602925859
974,2002-09-01,-0.0382316491042188,-0.26295755563903,-1.334062155976617,1.4960578305929082
975,2002-09-02,1.0328616860379034,-0.4141425100065785,-0.1819525717656134,-0.6923939202659906
976,2002-09-03,-2.383108357340056,-0.5025828928172039,0.6374579514694431,0.7361518885830868
977,2002-09-04,0.8804747982462806,0.959758940061494,-0.5245945383607082,1.525841079847693
978,2002-09-05,1.376325796514703,-0.0459982137022889,-0.2436961923231069,-0.5085141518637042
979,2002-09-06,-0.6064293233517807,0.1562554228912138,-0.0428469206195157,0.8314853222766392
980,2002-09-07,0.3051455758674122,1.996391149138444,0.6843966205188945,-0.1202003447037564
981,2002-09-08,-0.4377340664435862,-1.384751761730558,-0.5993936553736217,1.0170441313007368
982,2002-09-09,-0.6044849407133696,-0.1584997535899575,-0.970334380380067,-0.6059297006725991
983,2002-09-10,1.478641946500551,-0.8134822562049095,-0.9795278801020272,1.8109991249783517
984,2002-09-11,1.77579177703345,1.1268947650798418,0.5006179196418946,-0.651669361306189
985,2002-09-12,-0.2965691554231068,0.6054369367384135,-0.2317082667861648,0.2790349336408838
986,2002-09-13,-0.4676403407668886,-0.326575357517204,-0.9794924506180924,0.9312480915348452
987,2002-09-14,0.593389088006488,1.2683484341082345,-0.5776929629305811,-0.1746791030424613
988,2002-09-15,-0.6033479754270793,1.6425173620150877,1.012129161227186,-0.3126196122320421
989,2002-09-16,0.0492404322469818,-2.7146928721072343,-0.7294097265881748,0.0653142950746638
990,2002-09-17,1.1515616539688511,0.8414006066033959,-0.8138234702879212,0.583116556294407
991,2002-09-18,0.1902933441138287,1.7102454501319575,-0.2979237666920886,-2.054158210463626
992,2002-09-19,-0.2444475546503188,-1.090525829923642,0.9762159545817488,-0.862612297929475
993,2002-09-20,0.3509343989764107,1.74825681253166,1.5312088039007608,0.6241086353532727
994,2002-09-21,-0.039353822064348,-0.3016791493916534,-0.8426489863348213,-0.0855822155037684
995,2002-09-22,1.0138965309620094,-0.2886797169872546,-0.3422951824520001,-0.6385368129913495
996,2002-09-23,-0.642658867032067,-0.1047251878607459,-0.6318289284439236,-0.9094828891488882
997,2002-09-24,0.3701357432455675,0.2332185087940045,0.5358967567312249,-1.5526046680489345
998,2002-09-25,0.1833389955742047,1.2857832745036837,-1.052593011992047,-2.565843638430118
999,2002-09-26,0.7751331949658513,-0.8503742800614634,0.4867280446491609,-1.0534266067227014
